"","ID_no_Rep_dup","PopBio","Time",".fitted",".resid","sigma","isConv","finTol","logLik","AIC","BIC","deviance","df.residual","nobs"
"1","1_1",0.0373764434180131,6.46651270207826,0.127283774258974,-0.0899073308409605,NA,NA,NA,NA,NA,NA,NA,NA,NA
"2","1_1",0.0481478060046179,22.1709006928405,0.127283093802633,-0.079135287798015,NA,NA,NA,NA,NA,NA,NA,NA,NA
"3","1_1",0.0936474210931482,47.1131639722861,0.127281083065842,-0.0336336619726933,NA,NA,NA,NA,NA,NA,NA,NA,NA
"4","1_1",0.155140877598152,71.1316397228635,0.127277067489969,0.0278638101081827,NA,NA,NA,NA,NA,NA,NA,NA,NA
"5","1_1",0.176634334103155,95.150115473441,0.127268841399215,0.0493654927039398,NA,NA,NA,NA,NA,NA,NA,NA,NA
"6","1_1",0.166127790608159,119.168591224018,0.12725199542347,0.0388757951846892,NA,NA,NA,NA,NA,NA,NA,NA,NA
"7","1_1",0.160954580446497,143.187066974596,0.12721752028023,0.0337370601662668,NA,NA,NA,NA,NA,NA,NA,NA,NA
"8","1_1",0.145120862201693,168.129330254042,0.127143221733074,0.017977640468619,NA,NA,NA,NA,NA,NA,NA,NA,NA
"9","1_1",0.145274826789838,191.224018475751,0.127003480812794,0.0182713459770444,NA,NA,NA,NA,NA,NA,NA,NA,NA
"10","1_1",0.145434949961508,215.242494226328,0.126712540631967,0.0187224093295406,NA,NA,NA,NA,NA,NA,NA,NA,NA
"11","1_1",0.134928406466512,239.260969976905,0.126129801969013,0.00879860449749917,NA,NA,NA,NA,NA,NA,NA,NA,NA
"12","1_1",0.121755196304849,263.279445727483,0.124989211681914,-0.00323401537706496,NA,NA,NA,NA,NA,NA,NA,NA,NA
"13","1_1",0.119248652809853,287.29792147806,0.122854218276006,-0.00360556546615302,NA,NA,NA,NA,NA,NA,NA,NA,NA
"14","1_1",0.11407544264819,311.316397228637,0.119172502748236,-0.00509706010004587,NA,NA,NA,NA,NA,NA,NA,NA,NA
"15","1_1",0.111568899153193,335.334872979215,0.113638963926538,-0.00207006477334488,NA,NA,NA,NA,NA,NA,NA,NA,NA
"16","1_1",0.109062355658198,359.353348729792,0.106830145696982,0.00223220996121642,NA,NA,NA,NA,NA,NA,NA,NA,NA
"17","1_1",0.0985558121632013,383.37182448037,0.100246286186461,-0.00169047402325972,NA,NA,NA,NA,NA,NA,NA,NA,NA
"18","1_1",0.0987159353348717,407.390300230947,0.0952076542847136,0.00350828105015814,NA,NA,NA,NA,NA,NA,NA,NA,NA
"19","1_1",0.0962093918398761,431.408775981524,0.0919987236611228,0.00421066817875328,NA,NA,NA,NA,NA,NA,NA,NA,NA
"20","1_1",0.0937028483448796,455.427251732102,0.0901876796577907,0.00351516868708887,NA,NA,NA,NA,NA,NA,NA,NA,NA
"21","1_1",0.0805296381832163,479.445727482679,0.089234656329332,-0.00870501814611573,NA,NA,NA,NA,NA,NA,NA,NA,NA
"22","10_1",0.0132416722908459,1.1045364891518,0.015718976386348,-0.00247730409550213,NA,NA,NA,NA,NA,NA,NA,NA,NA
"23","10_1",0.0238360564824553,1.93293885601574,0.0221600997087402,0.00167595677371509,NA,NA,NA,NA,NA,NA,NA,NA,NA
"24","10_1",0.0344199770847395,3.31360946745559,0.0348889004734443,-0.000468923388704814,NA,NA,NA,NA,NA,NA,NA,NA,NA
"25","10_1",0.0476616493755853,4.41814595660745,0.0468058941040252,0.00085575527156008,NA,NA,NA,NA,NA,NA,NA,NA,NA
"26","10_1",0.0635558415603306,5.52268244575927,0.0600346362810401,0.00352120527929049,NA,NA,NA,NA,NA,NA,NA,NA,NA
"27","10_1",0.0794395701557506,7.17948717948707,0.0814497925440259,-0.00201022238827531,NA,NA,NA,NA,NA,NA,NA,NA,NA
"28","10_1",0.0979810504397323,8.56015779092695,0.0995695679049081,-0.00158851746517581,NA,NA,NA,NA,NA,NA,NA,NA,NA
"29","10_1",0.116522530723714,9.94082840236675,0.116750494831865,-0.000227964108151277,NA,NA,NA,NA,NA,NA,NA,NA,NA
"30","10_1",0.190526266225103,24.0236686390532,0.183488279771651,0.00703798645345216,NA,NA,NA,NA,NA,NA,NA,NA,NA
"31","10_1",0.179466252308529,47.7712031558185,0.186178820797359,-0.00671256848882992,NA,NA,NA,NA,NA,NA,NA,NA,NA
"32","10_1",0.409780316942121,71.7948717948717,0.186184584684693,0.223595732257428,NA,NA,NA,NA,NA,NA,NA,NA,NA
"33","10_1",0.183855728030386,96.094674556213,0.186184596026788,-0.00232886799640183,NA,NA,NA,NA,NA,NA,NA,NA,NA
"34","10_1",0.0826048059265772,120.118343195266,0.186184596047557,-0.10357979012098,NA,NA,NA,NA,NA,NA,NA,NA,NA
"35","10_1",0.0688922721161043,143.865877712032,0.186184596047603,-0.117292323931499,NA,NA,NA,NA,NA,NA,NA,NA,NA
"36","100_1",0.0240246343341028,3.69515011547321,0.0365001690826648,-0.012475534748562,NA,NA,NA,NA,NA,NA,NA,NA,NA
"37","100_1",0.0320431100846799,6.46651270207826,0.0383766514003726,-0.00633354131569266,NA,NA,NA,NA,NA,NA,NA,NA,NA
"38","100_1",0.0453949191685901,9.23787528868331,0.0406150216558781,0.00477989751271202,NA,NA,NA,NA,NA,NA,NA,NA,NA
"39","100_1",0.0748267898383368,24.0184757505772,0.0616414183963491,0.0131853714419877,NA,NA,NA,NA,NA,NA,NA,NA,NA
"40","100_1",0.157647421093148,47.1131639722862,0.147828789313882,0.00981863177926556,NA,NA,NA,NA,NA,NA,NA,NA,NA
"41","100_1",0.261807544264818,71.1316397228635,0.283293301820372,-0.0214857575555543,NA,NA,NA,NA,NA,NA,NA,NA,NA
"42","100_1",0.349967667436489,95.150115473441,0.35556372072171,-0.00559605328522139,NA,NA,NA,NA,NA,NA,NA,NA,NA
"43","100_1",0.451461123941493,119.168591224018,0.374752958956774,0.0767081649847195,NA,NA,NA,NA,NA,NA,NA,NA,NA
"44","100_1",0.536960739030023,144.110854503464,0.378825330301671,0.158135408728352,NA,NA,NA,NA,NA,NA,NA,NA,NA
"45","100_1",0.553120862201693,168.129330254042,0.379571154508169,0.173549707693524,NA,NA,NA,NA,NA,NA,NA,NA,NA
"46","100_1",0.542614318706696,192.147806004619,0.379717088542909,0.162897230163787,NA,NA,NA,NA,NA,NA,NA,NA,NA
"47","100_1",0.534774441878367,216.166281755196,0.379745584457281,0.155028857421086,NA,NA,NA,NA,NA,NA,NA,NA,NA
"48","100_1",0.484267898383371,240.184757505774,0.379751146494176,0.104516751889195,NA,NA,NA,NA,NA,NA,NA,NA,NA
"49","100_1",0.473761354888375,264.203233256351,0.379752232047149,0.0940091228412256,NA,NA,NA,NA,NA,NA,NA,NA,NA
"50","100_1",0.444581986143186,287.29792147806,0.379752440581054,0.0648295455621318,NA,NA,NA,NA,NA,NA,NA,NA,NA
"51","100_1",0.388748267898382,312.240184757506,0.379752485262813,0.00899578263556911,NA,NA,NA,NA,NA,NA,NA,NA,NA
"52","100_1",0.330241724403386,336.258660508083,0.379752493332926,-0.0495107689295404,NA,NA,NA,NA,NA,NA,NA,NA,NA
"53","100_1",0.314401847575057,360.277136258661,0.379752494907958,-0.065350647332901,NA,NA,NA,NA,NA,NA,NA,NA,NA
"54","100_1",0.253222478829868,383.37182448037,0.379752495210518,-0.12653001638065,NA,NA,NA,NA,NA,NA,NA,NA,NA
"55","100_1",0.229388760585065,408.314087759815,0.379752495275344,-0.150363734690279,NA,NA,NA,NA,NA,NA,NA,NA,NA
"56","100_1",0.194882217090068,432.332563510393,0.379752495287054,-0.184870278196986,NA,NA,NA,NA,NA,NA,NA,NA,NA
"57","100_1",0.192375673595072,456.35103926097,0.379752495289338,-0.187376821694266,NA,NA,NA,NA,NA,NA,NA,NA,NA
"58","100_1",0.163196304849883,479.445727482679,0.379752495289779,-0.216556190439896,NA,NA,NA,NA,NA,NA,NA,NA,NA
"59","101_1",0.0106100795755975,0.825472561852933,0.0138315815893684,-0.00322150201377087,NA,NA,NA,NA,NA,NA,NA,NA,NA
"60","101_1",0.0238726790450929,1.92634679474099,0.0252579010993361,-0.00138522205424325,NA,NA,NA,NA,NA,NA,NA,NA,NA
"61","101_1",0.0238726790450929,3.03088328389288,0.0374719545290485,-0.0135992754839556,NA,NA,NA,NA,NA,NA,NA,NA,NA
"62","101_1",0.0371352785145893,3.85562339449305,0.0470704125750497,-0.00993513406046045,NA,NA,NA,NA,NA,NA,NA,NA,NA
"63","101_1",0.0557029177718844,4.67889860258765,0.0570456774315959,-0.00134275965971151,NA,NA,NA,NA,NA,NA,NA,NA,NA
"64","101_1",0.0795755968169765,5.77684303046476,0.0709307869468173,0.00864480987015918,NA,NA,NA,NA,NA,NA,NA,NA,NA
"65","101_1",0.0954907161803717,7.15311893438803,0.0891974325222636,0.00629328365810811,NA,NA,NA,NA,NA,NA,NA,NA,NA
"66","101_1",0.108753315649869,7.97785904498818,0.10055209282543,0.00820122282443859,NA,NA,NA,NA,NA,NA,NA,NA,NA
"67","101_1",0.119363395225465,8.80333160684108,0.112181743150101,0.00718165207536429,NA,NA,NA,NA,NA,NA,NA,NA,NA
"68","101_1",0.145888594164457,9.90054358346543,0.127983651339159,0.017904942825298,NA,NA,NA,NA,NA,NA,NA,NA,NA
"69","101_1",0.275862068965518,23.9474937087669,0.320173899931709,-0.0443118309661914,NA,NA,NA,NA,NA,NA,NA,NA,NA
"70","101_1",0.527851458885942,47.6254453565207,0.435578049706597,0.0922734091793453,NA,NA,NA,NA,NA,NA,NA,NA,NA
"71","101_1",0.56763925729443,71.6381272267826,0.447034728394812,0.120604528899618,NA,NA,NA,NA,NA,NA,NA,NA,NA
"72","101_1",0.530503978779841,95.9481843056623,0.44789324967992,0.0826107290999211,NA,NA,NA,NA,NA,NA,NA,NA,NA
"73","101_1",0.363395225464192,119.741863251351,0.447953791405062,-0.0845585659408704,NA,NA,NA,NA,NA,NA,NA,NA,NA
"74","101_1",0.262599469496022,144.069499160297,0.447958341334596,-0.185358871838574,NA,NA,NA,NA,NA,NA,NA,NA,NA
"75","102_1",0.0187165775401064,0.279441117764463,0.0146793645113293,0.00403721302877714,NA,NA,NA,NA,NA,NA,NA,NA,NA
"76","102_1",0.0240641711229945,1.11776447105791,0.0287532884626213,-0.00468911733962678,NA,NA,NA,NA,NA,NA,NA,NA,NA
"77","102_1",0.0454545454545454,2.23552894211579,0.0521590729473515,-0.00670452749280608,NA,NA,NA,NA,NA,NA,NA,NA,NA
"78","102_1",0.0695187165775404,3.07385229540918,0.07360788233315,-0.00408916575560955,NA,NA,NA,NA,NA,NA,NA,NA,NA
"79","102_1",0.109625668449198,4.19161676646712,0.107756879796138,0.00186878865306025,NA,NA,NA,NA,NA,NA,NA,NA,NA
"80","102_1",0.147058823529412,5.02994011976051,0.137498210555207,0.00956061297420466,NA,NA,NA,NA,NA,NA,NA,NA,NA
"81","102_1",0.189839572192513,6.14770459081839,0.18205834986938,0.00778122232313336,NA,NA,NA,NA,NA,NA,NA,NA,NA
"82","102_1",0.227272727272728,6.98602794411178,0.218329323962563,0.00894340331016533,NA,NA,NA,NA,NA,NA,NA,NA,NA
"83","102_1",0.259358288770053,8.10379241516969,0.268735610704156,-0.00937732193410346,NA,NA,NA,NA,NA,NA,NA,NA,NA
"84","102_1",0.302139037433155,8.94211576846311,0.306649524215354,-0.00451048678219873,NA,NA,NA,NA,NA,NA,NA,NA,NA
"85","102_1",0.347593582887701,10.059880239521,0.355246493054637,-0.00765291016693553,NA,NA,NA,NA,NA,NA,NA,NA,NA
"86","102_1",0.633689839572193,24.0319361277445,0.571677878236174,0.0620119613360193,NA,NA,NA,NA,NA,NA,NA,NA,NA
"87","102_1",0.585561497326204,48.0638722554891,0.577207759139643,0.00835373818656082,NA,NA,NA,NA,NA,NA,NA,NA,NA
"88","102_1",0.641711229946525,71.816367265469,0.577212287253797,0.0644989426927279,NA,NA,NA,NA,NA,NA,NA,NA,NA
"89","102_1",0.58288770053476,95.8483033932136,0.577212291244962,0.00567540928979826,NA,NA,NA,NA,NA,NA,NA,NA,NA
"90","102_1",0.518716577540108,120.159680638722,0.577212291248202,-0.0584957137080938,NA,NA,NA,NA,NA,NA,NA,NA,NA
"91","102_1",0.500000000000001,144.191616766467,0.577212291248202,-0.0772122912482008,NA,NA,NA,NA,NA,NA,NA,NA,NA
"92","103_1",0.0231367885289642,23.5545669092412,0.0274458505642033,-0.00430906203523906,NA,NA,NA,NA,NA,NA,NA,NA,NA
"93","103_1",0.0337845914953141,45.8927702157291,0.0357176738404317,-0.0019330823451176,NA,NA,NA,NA,NA,NA,NA,NA,NA
"94","103_1",0.0408535495757516,70.7228551886475,0.0458626599352835,-0.00500911035953187,NA,NA,NA,NA,NA,NA,NA,NA,NA
"95","103_1",0.0622083099693753,95.5233629311036,0.0570051134805527,0.00520319648882257,NA,NA,NA,NA,NA,NA,NA,NA,NA
"96","103_1",0.0764275635140217,117.854171929976,0.0678887423838014,0.00853882113022029,NA,NA,NA,NA,NA,NA,NA,NA,NA
"97","103_1",0.0834965215944592,142.684256902894,0.0808945382731153,0.00260198332134393,NA,NA,NA,NA,NA,NA,NA,NA,NA
"98","103_1",0.0977157751391053,165.015065901767,0.0933408481981579,0.00437492694094739,NA,NA,NA,NA,NA,NA,NA,NA,NA
"99","103_1",0.10835618379784,189.83775656707,0.107904691846263,0.000451491951576607,NA,NA,NA,NA,NA,NA,NA,NA,NA
"100","103_1",0.126139493613167,214.645658617142,0.123084008133885,0.00305548547928225,NA,NA,NA,NA,NA,NA,NA,NA,NA
"101","103_1",0.129637001115308,239.483137897675,0.138729675931108,-0.00909267481580014,NA,NA,NA,NA,NA,NA,NA,NA,NA
"102","103_1",0.140284804081658,261.821341204163,0.153019479292834,-0.012734675211176,NA,NA,NA,NA,NA,NA,NA,NA,NA
"103","103_1",0.165211015053578,286.614454639004,0.168927402499787,-0.003716387446209,NA,NA,NA,NA,NA,NA,NA,NA,NA
"104","103_1",0.197280127182091,311.392779458614,0.184669192807975,0.0126109343741158,NA,NA,NA,NA,NA,NA,NA,NA,NA
"105","103_1",0.207927930148441,333.730982765101,0.198555876792055,0.00937205335638555,NA,NA,NA,NA,NA,NA,NA,NA,NA
"106","103_1",0.209639712361434,358.572159199443,0.213485410425426,-0.00384569806399213,NA,NA,NA,NA,NA,NA,NA,NA,NA
"107","103_1",0.216708670441872,383.402244172362,0.227710781103003,-0.0110021106611311,NA,NA,NA,NA,NA,NA,NA,NA,NA
"108","103_1",0.234495677411006,406.967902543026,0.240447272192616,-0.0059515947816102,NA,NA,NA,NA,NA,NA,NA,NA,NA
"109","103_1",0.252278987226333,431.775804593098,0.252958703196747,-0.00067971597041383,NA,NA,NA,NA,NA,NA,NA,NA,NA
"110","103_1",0.271851719484616,455.337765809954,0.263935643765281,0.00791607571933489,NA,NA,NA,NA,NA,NA,NA,NA,NA
"111","103_1",0.278920677565054,480.167850782873,0.274520655876223,0.00440002168883147,NA,NA,NA,NA,NA,NA,NA,NA,NA
"112","103_1",0.284207607510151,503.759389230192,0.283643719052311,0.000563888457839667,NA,NA,NA,NA,NA,NA,NA,NA,NA
"113","103_1",0.291280262744397,527.347230523702,0.291876576848099,-0.000596314103702089,NA,NA,NA,NA,NA,NA,NA,NA,NA
"114","103_1",0.296567192689495,550.938768971021,0.299258570803868,-0.0026913781143732,NA,NA,NA,NA,NA,NA,NA,NA,NA
"115","103_1",0.312564777215674,575.7503681749,0.306156019423873,0.00640875779180117,NA,NA,NA,NA,NA,NA,NA,NA,NA
"116","103_1",0.31785170716077,599.341906622219,0.31194918612435,0.00590252103641958,NA,NA,NA,NA,NA,NA,NA,NA,NA
"117","103_1",0.319563489373764,624.183083056561,0.317310736383194,0.00225275299057048,NA,NA,NA,NA,NA,NA,NA,NA,NA
"118","103_1",0.317707518162268,647.789410119111,0.3217685790657,-0.00406106090343233,NA,NA,NA,NA,NA,NA,NA,NA,NA
"119","103_1",0.317637272239921,671.392040027852,0.325667326568841,-0.00803005432892001,NA,NA,NA,NA,NA,NA,NA,NA,NA
"120","104_1",0.0291577602515911,5.4888086287806,0.0461092022746012,-0.0169514420230101,NA,NA,NA,NA,NA,NA,NA,NA,NA
"121","104_1",0.0636839389695587,9.12016903761577,0.0473320049405028,0.0163519340290559,NA,NA,NA,NA,NA,NA,NA,NA,NA
"122","104_1",0.0530453797204,9.13982457433477,0.047344012890042,0.00570136683035804,NA,NA,NA,NA,NA,NA,NA,NA,NA
"123","104_1",0.0424068204712413,9.15948011105377,0.0473561073597164,-0.00494928688847512,NA,NA,NA,NA,NA,NA,NA,NA,NA
"124","104_1",0.241683251025774,23.5719024102602,0.241976512361487,-0.000293261335712863,NA,NA,NA,NA,NA,NA,NA,NA,NA
"125","104_1",0.58712930886219,46.0283531117172,0.515625984739409,0.0715033241227808,NA,NA,NA,NA,NA,NA,NA,NA,NA
"126","104_1",0.679885015110195,70.7992432618364,0.515796950472591,0.164088064637604,NA,NA,NA,NA,NA,NA,NA,NA,NA
"127","104_1",0.724791774157884,93.810962875605,0.515796969305796,0.208994804852088,NA,NA,NA,NA,NA,NA,NA,NA,NA
"128","104_1",0.708502248102013,118.783322277094,0.515796969309754,0.192705278792259,NA,NA,NA,NA,NA,NA,NA,NA,NA
"129","104_1",0.710854770153068,141.873664037739,0.515796969309754,0.195057800843314,NA,NA,NA,NA,NA,NA,NA,NA,NA
"130","104_1",0.606809415002089,166.084371391366,0.515796969309754,0.0910124456923348,NA,NA,NA,NA,NA,NA,NA,NA,NA
"131","104_1",0.601158448195377,191.037075256136,0.515796969309754,0.0853614788856228,NA,NA,NA,NA,NA,NA,NA,NA,NA
"132","104_1",0.568923367976218,215.115107736911,0.515796969309761,0.0531263986664567,NA,NA,NA,NA,NA,NA,NA,NA,NA
"133","104_1",0.571558438367609,216.957814304317,0.515796969309761,0.0557614690578477,NA,NA,NA,NA,NA,NA,NA,NA,NA
"134","104_1",0.565944325692244,239.139087491708,0.515796969309761,0.0501473563824827,NA,NA,NA,NA,NA,NA,NA,NA,NA
"135","104_1",0.539040809808114,262.28348197833,0.515796969309761,0.0232438404983527,NA,NA,NA,NA,NA,NA,NA,NA,NA
"136","104_1",0.498814525441636,287.300066337436,0.515796969309761,-0.0169824438681253,NA,NA,NA,NA,NA,NA,NA,NA,NA
"137","104_1",0.479902213704824,309.505908945726,0.515796969309761,-0.0358947556049373,NA,NA,NA,NA,NA,NA,NA,NA,NA
"138","104_1",0.442323284440187,335.441389646446,0.515796969309761,-0.0734736848695743,NA,NA,NA,NA,NA,NA,NA,NA,NA
"139","104_1",0.404768924596448,359.52924989558,0.515796969309761,-0.111028044713313,NA,NA,NA,NA,NA,NA,NA,NA,NA
"140","104_1",0.364567209650869,382.698213803101,0.515796969309775,-0.151229759658907,NA,NA,NA,NA,NA,NA,NA,NA,NA
"141","104_1",0.334991769244,406.771332399695,0.515796969309775,-0.180805200065775,NA,NA,NA,NA,NA,NA,NA,NA,NA
"142","104_1",0.321374167710868,430.814967691211,0.515796969309775,-0.194422801598907,NA,NA,NA,NA,NA,NA,NA,NA,NA
"143","104_1",0.313063561091866,455.772585440161,0.515796969309775,-0.202733408217909,NA,NA,NA,NA,NA,NA,NA,NA,NA
"144","104_1",0.291467040121865,479.830962384217,0.515796969309775,-0.224329929187911,NA,NA,NA,NA,NA,NA,NA,NA,NA
"145","105_1",0.0186170212765959,0.545317473613672,0.0138164795196852,0.00480054175691072,NA,NA,NA,NA,NA,NA,NA,NA,NA
"146","105_1",0.0239361702127661,1.92180432233205,0.0221430715763727,0.00179309863639339,NA,NA,NA,NA,NA,NA,NA,NA,NA
"147","105_1",0.0345744680851068,3.5724158150444,0.0431591450233915,-0.00858467693828465,NA,NA,NA,NA,NA,NA,NA,NA,NA
"148","105_1",0.0505319148936167,4.1191991958452,0.0544990762497083,-0.00396716135609163,NA,NA,NA,NA,NA,NA,NA,NA,NA
"149","105_1",0.0771276595744679,4.93864131345284,0.0774114649112763,-0.000283805336808426,NA,NA,NA,NA,NA,NA,NA,NA,NA
"150","105_1",0.125,6.02781035349305,0.121871735033019,0.00312826496698101,NA,NA,NA,NA,NA,NA,NA,NA,NA
"151","105_1",0.175531914893617,6.84065588875859,0.167326889973053,0.00820502492056419,NA,NA,NA,NA,NA,NA,NA,NA,NA
"152","105_1",0.23936170212766,7.9254272072374,0.244024164579314,-0.00466246245165369,NA,NA,NA,NA,NA,NA,NA,NA,NA
"153","105_1",0.311170212765957,8.73240911375441,0.309561905191078,0.00160830757487945,NA,NA,NA,NA,NA,NA,NA,NA,NA
"154","105_1",0.396276595744681,9.81131680348468,0.39923432371074,-0.00295772796605853,NA,NA,NA,NA,NA,NA,NA,NA,NA
"155","105_1",0.797872340425532,23.7557589210923,0.66048049831398,0.137391842111552,NA,NA,NA,NA,NA,NA,NA,NA,NA
"156","105_1",0.781914893617021,47.7365345954096,0.660805422768895,0.121109470848126,NA,NA,NA,NA,NA,NA,NA,NA,NA
"157","105_1",0.784574468085106,71.712179594572,0.660805424099365,0.123769043985741,NA,NA,NA,NA,NA,NA,NA,NA,NA
"158","105_1",0.712765957446809,95.7083472943541,0.660805424099372,0.0519605333474367,NA,NA,NA,NA,NA,NA,NA,NA,NA
"159","105_1",0.48936170212766,119.74629334897,0.660805424099372,-0.171443721971712,NA,NA,NA,NA,NA,NA,NA,NA,NA
"160","105_1",0.398936170212767,143.747591723907,0.660805424099365,-0.261869253886598,NA,NA,NA,NA,NA,NA,NA,NA,NA
"161","106_1",NA,NA,NA,NA,NA,NA,NA,NA,NA,NA,NA,NA,NA
"162","107_1",NA,NA,NA,NA,NA,NA,NA,NA,NA,NA,NA,NA,NA
"163","108_1",0.0106851424172434,2.77136258660494,0.0133934872630117,-0.00270834484576827,NA,NA,NA,NA,NA,NA,NA,NA,NA
"164","108_1",0.0427220939183979,8.31408775981504,0.0398634986583182,0.00285859526007969,NA,NA,NA,NA,NA,NA,NA,NA,NA
"165","108_1",0.224153964588144,23.0946882217089,0.22369876149797,0.000455203090174411,NA,NA,NA,NA,NA,NA,NA,NA,NA
"166","108_1",0.498980754426481,47.1131639722862,0.508887051460783,-0.00990629703430229,NA,NA,NA,NA,NA,NA,NA,NA,NA
"167","108_1",0.640474210931486,71.1316397228635,0.536739177858669,0.103735033072817,NA,NA,NA,NA,NA,NA,NA,NA,NA
"168","108_1",0.736634334103155,95.150115473441,0.537962578128308,0.198671755974847,NA,NA,NA,NA,NA,NA,NA,NA,NA
"169","108_1",0.742127790608159,119.168591224018,0.538013536815063,0.204114253793096,NA,NA,NA,NA,NA,NA,NA,NA,NA
"170","108_1",0.752954580446496,143.187066974596,0.538015654596574,0.214938925849922,NA,NA,NA,NA,NA,NA,NA,NA,NA
"171","108_1",0.7104480369515,167.205542725173,0.538015742600699,0.172432294350801,NA,NA,NA,NA,NA,NA,NA,NA,NA
"172","108_1",0.710608160123171,191.224018475751,0.538015746257681,0.17259241386549,NA,NA,NA,NA,NA,NA,NA,NA,NA
"173","108_1",0.684101616628175,215.242494226328,0.538015746409648,0.146085870218527,NA,NA,NA,NA,NA,NA,NA,NA,NA
"174","108_1",0.652261739799845,239.260969976905,0.538015746415962,0.114245993383883,NA,NA,NA,NA,NA,NA,NA,NA,NA
"175","108_1",0.591088529638182,263.279445727483,0.538015746416225,0.0530727832219575,NA,NA,NA,NA,NA,NA,NA,NA,NA
"176","108_1",0.559248652809853,287.29792147806,0.538015746416235,0.0212329063936179,NA,NA,NA,NA,NA,NA,NA,NA,NA
"177","108_1",0.49807544264819,311.316397228637,0.538015746416235,-0.0399403037680452,NA,NA,NA,NA,NA,NA,NA,NA,NA
"178","108_1",0.45823556581986,335.334872979215,0.538015746416235,-0.0797801805963751,NA,NA,NA,NA,NA,NA,NA,NA,NA
"179","108_1",0.418395688991531,359.353348729792,0.538015746416235,-0.119620057424704,NA,NA,NA,NA,NA,NA,NA,NA,NA
"180","108_1",0.365222478829868,383.371824480369,0.538015746416235,-0.172793267586367,NA,NA,NA,NA,NA,NA,NA,NA,NA
"181","108_1",0.365222478829868,383.371824480369,0.538015746416235,-0.172793267586367,NA,NA,NA,NA,NA,NA,NA,NA,NA
"182","108_1",0.360049268668205,407.390300230947,0.538015746416235,-0.17796647774803,NA,NA,NA,NA,NA,NA,NA,NA,NA
"183","108_1",0.336209391839876,431.408775981524,0.538015746416235,-0.201806354576359,NA,NA,NA,NA,NA,NA,NA,NA,NA
"184","108_1",0.331036181678213,455.427251732102,0.538015746416235,-0.206979564738022,NA,NA,NA,NA,NA,NA,NA,NA,NA
"185","108_1",0.317869130100076,480.369515011547,0.538015746416235,-0.220146616316159,NA,NA,NA,NA,NA,NA,NA,NA,NA
"186","109_1",0.0238726790450934,1.37407855016508,0.027119541685983,-0.00324686264088956,NA,NA,NA,NA,NA,NA,NA,NA,NA
"187","109_1",0.0371352785145893,2.47495278305317,0.0359363251270139,0.00119895338757537,NA,NA,NA,NA,NA,NA,NA,NA,NA
"188","109_1",0.0503978779840852,3.29969289365329,0.0465985920274861,0.00379928595659908,NA,NA,NA,NA,NA,NA,NA,NA,NA
"189","109_1",0.0742705570291782,4.67377144381834,0.0770320431199263,-0.00276148609074806,NA,NA,NA,NA,NA,NA,NA,NA,NA
"190","109_1",0.114058355437666,5.76732116417895,0.118441396617112,-0.00438304117944621,NA,NA,NA,NA,NA,NA,NA,NA,NA
"191","109_1",0.175066312997348,6.57887715222955,0.16242430149167,0.0126420115056781,NA,NA,NA,NA,NA,NA,NA,NA,NA
"192","109_1",0.230769230769231,7.66803216507358,0.240960633014691,-0.01019140224546,NA,NA,NA,NA,NA,NA,NA,NA,NA
"193","109_1",0.312997347480106,8.47372854310217,0.311287854336329,0.00170949314377727,NA,NA,NA,NA,NA,NA,NA,NA,NA
"194","109_1",0.413793103448276,9.55043188464938,0.412464771320244,0.00132833212803174,NA,NA,NA,NA,NA,NA,NA,NA,NA
"195","109_1",0.753315649867374,23.5395183609834,0.732274267740034,0.02104138212734,NA,NA,NA,NA,NA,NA,NA,NA,NA
"196","109_1",0.774535809018568,47.5573273900146,0.732609509077328,0.0419262999412401,NA,NA,NA,NA,NA,NA,NA,NA,NA
"197","109_1",0.803713527851459,71.2968049429996,0.732609509977287,0.0711040178741719,NA,NA,NA,NA,NA,NA,NA,NA,NA
"198","109_1",0.750663129973475,95.6112567293958,0.732609509977294,0.0180536199961807,NA,NA,NA,NA,NA,NA,NA,NA,NA
"199","109_1",0.676392572944298,119.655434003526,0.732609509977294,-0.0562169370329962,NA,NA,NA,NA,NA,NA,NA,NA,NA
"200","109_1",0.63660477453581,143.690089411371,0.73260950997728,-0.09600473544147,NA,NA,NA,NA,NA,NA,NA,NA,NA
"201","11_1",0.0133689839572189,0.281491384432599,0.0389115925458363,-0.0255426085886174,NA,NA,NA,NA,NA,NA,NA,NA,NA
"202","11_1",0.0267379679144382,1.39631610219845,0.0392298796647389,-0.0124919117503007,NA,NA,NA,NA,NA,NA,NA,NA,NA
"203","11_1",0.0427807486631011,2.2341057635175,0.0398094585207854,0.00297129014231571,NA,NA,NA,NA,NA,NA,NA,NA,NA
"204","11_1",0.0588235294117643,3.62745098039215,0.0426090717445223,0.016214457667242,NA,NA,NA,NA,NA,NA,NA,NA,NA
"205","11_1",0.0721925133689834,5.02005347593581,0.0522505640341901,0.0199419493347933,NA,NA,NA,NA,NA,NA,NA,NA,NA
"206","11_1",0.0855614973262029,6.1348781937017,0.0730101611508055,0.0125513361753974,NA,NA,NA,NA,NA,NA,NA,NA,NA
"207","11_1",0.106951871657754,7.25193107546045,0.114088326634009,-0.00713645497625459,NA,NA,NA,NA,NA,NA,NA,NA,NA
"208","11_1",0.131016042780748,8.09194890077242,0.155720390638278,-0.0247043478575305,NA,NA,NA,NA,NA,NA,NA,NA,NA
"209","11_1",0.20855614973262,8.94682115270351,0.195973316357627,0.0125828333749926,NA,NA,NA,NA,NA,NA,NA,NA,NA
"210","11_1",0.251336898395722,10.0698158051099,0.231362422866023,0.0199744755296986,NA,NA,NA,NA,NA,NA,NA,NA,NA
"211","11_1",0.323529411764706,24.2565359477124,0.25818783700524,0.0653415747594663,NA,NA,NA,NA,NA,NA,NA,NA,NA
"212","11_1",0.326203208556149,48.42394533571,0.258187893594133,0.0680153149620157,NA,NA,NA,NA,NA,NA,NA,NA,NA
"213","11_1",0.366310160427807,72.0461972667854,0.258187893594133,0.108122266833674,NA,NA,NA,NA,NA,NA,NA,NA,NA
"214","11_1",0.358288770053476,96.2106357694593,0.25818789359414,0.100100876459336,NA,NA,NA,NA,NA,NA,NA,NA,NA
"215","11_1",0.0802139037433149,120.022281639929,0.25818789359414,-0.177973989850826,NA,NA,NA,NA,NA,NA,NA,NA,NA
"216","11_1",0.0802139037433149,143.911170528817,0.25818789359414,-0.177973989850826,NA,NA,NA,NA,NA,NA,NA,NA,NA
"217","110_1",0.0427807486631018,0.838323353293447,0.482707040700605,-0.439926292037504,NA,NA,NA,NA,NA,NA,NA,NA,NA
"218","110_1",0.0534759358288768,1.95608782435133,0.482706446389939,-0.429230510561062,NA,NA,NA,NA,NA,NA,NA,NA,NA
"219","110_1",0.0668449197860963,2.51497005988026,0.482706115895207,-0.41586119610911,NA,NA,NA,NA,NA,NA,NA,NA,NA
"220","110_1",0.114973262032086,2.79441117764475,0.48270594159657,-0.367732679564484,NA,NA,NA,NA,NA,NA,NA,NA,NA
"221","110_1",0.272727272727273,3.91217564870263,0.482705178792458,-0.209977906065185,NA,NA,NA,NA,NA,NA,NA,NA,NA
"222","110_1",0.475935828877005,4.75049900199602,0.482704530885423,-0.00676870200841817,NA,NA,NA,NA,NA,NA,NA,NA,NA
"223","110_1",0.641711229946524,5.8682634730539,0.482703551820339,0.159007678126185,NA,NA,NA,NA,NA,NA,NA,NA,NA
"224","110_1",0.77807486631016,6.98602794411178,0.482702422666673,0.295372443643487,NA,NA,NA,NA,NA,NA,NA,NA,NA
"225","110_1",0.810160427807487,7.8243512974052,0.482701463593494,0.327458964213993,NA,NA,NA,NA,NA,NA,NA,NA,NA
"226","110_1",0.81283422459893,8.94211576846305,0.482700014322863,0.330134210276067,NA,NA,NA,NA,NA,NA,NA,NA,NA
"227","110_1",0.818181818181818,10.059880239521,0.482698342887741,0.335483475294077,NA,NA,NA,NA,NA,NA,NA,NA,NA
"228","110_1",0.815508021390375,23.75249500998,0.482638769180318,0.332869252210058,NA,NA,NA,NA,NA,NA,NA,NA,NA
"229","110_1",0.58288770053476,47.7844311377246,0.481169510607702,0.101718189927058,NA,NA,NA,NA,NA,NA,NA,NA,NA
"230","110_1",0.438502673796792,71.8163672654691,0.452742617091969,-0.0142399432951774,NA,NA,NA,NA,NA,NA,NA,NA,NA
"231","110_1",0.27005347593583,96.1277445109781,0.267183915580097,0.00286956035573255,NA,NA,NA,NA,NA,NA,NA,NA,NA
"232","110_1",0.187165775401071,119.880239520958,0.183915052427859,0.00325072297321177,NA,NA,NA,NA,NA,NA,NA,NA,NA
"233","110_1",0.173796791443852,143.632734530938,0.178224038780621,-0.00442724733676866,NA,NA,NA,NA,NA,NA,NA,NA,NA
"234","111_1",NA,NA,NA,NA,NA,NA,NA,NA,NA,NA,NA,NA,NA
"235","112_1",0.0453333333333337,1.84757505773671,0.00757884129922699,0.0377544920341067,NA,NA,NA,NA,NA,NA,NA,NA,NA
"236","112_1",0.0613333333333335,2.77136258660506,0.057451809014844,0.00388152431848954,NA,NA,NA,NA,NA,NA,NA,NA,NA
"237","112_1",0.0800000000000003,3.69515011547342,0.104561682015996,-0.0245616820159953,NA,NA,NA,NA,NA,NA,NA,NA,NA
"238","112_1",0.12,4.6189376443418,0.149062404862088,-0.0290624048620879,NA,NA,NA,NA,NA,NA,NA,NA,NA
"239","112_1",0.152,6.4665127020785,0.230786710567852,-0.0787867105678523,NA,NA,NA,NA,NA,NA,NA,NA,NA
"240","112_1",0.210666666666667,6.46651270207852,0.230786710567853,-0.0201200439011858,NA,NA,NA,NA,NA,NA,NA,NA,NA
"241","112_1",0.306666666666667,7.39030023094688,0.268259235239127,0.0384074314275398,NA,NA,NA,NA,NA,NA,NA,NA,NA
"242","112_1",0.381333333333334,8.31408775981522,0.303623829262485,0.0777095040708493,NA,NA,NA,NA,NA,NA,NA,NA,NA
"243","112_1",0.661333333333334,23.094688221709,0.655086615340489,0.00624671799284515,NA,NA,NA,NA,NA,NA,NA,NA,NA
"244","112_1",0.776,47.1131639722864,0.808329486472597,-0.0323294864725965,NA,NA,NA,NA,NA,NA,NA,NA,NA
"245","112_1",0.8,71.1316397228638,0.832149168284986,-0.0321491682849862,NA,NA,NA,NA,NA,NA,NA,NA,NA
"246","112_1",0.829333333333334,95.1501154734411,0.835685387578101,-0.00635205424476692,NA,NA,NA,NA,NA,NA,NA,NA,NA
"247","112_1",0.848,119.168591224019,0.836206519036832,0.011793480963168,NA,NA,NA,NA,NA,NA,NA,NA,NA
"248","112_1",0.858666666666667,143.187066974596,0.836283233816795,0.0223834328498719,NA,NA,NA,NA,NA,NA,NA,NA,NA
"249","112_1",0.850666666666667,167.205542725173,0.836294525028599,0.0143721416380681,NA,NA,NA,NA,NA,NA,NA,NA,NA
"250","112_1",0.845333333333333,191.224018475751,0.836296186878222,0.00903714645511089,NA,NA,NA,NA,NA,NA,NA,NA,NA
"251","112_1",0.837333333333334,215.242494226328,0.836296431469727,0.0010369018636075,NA,NA,NA,NA,NA,NA,NA,NA,NA
"252","112_1",0.842666666666667,239.260969976905,0.836296467468756,0.00637019919791093,NA,NA,NA,NA,NA,NA,NA,NA,NA
"253","112_1",0.84,263.279445727483,0.836296472767099,0.00370352723290079,NA,NA,NA,NA,NA,NA,NA,NA,NA
"254","112_1",0.84,287.29792147806,0.836296473546913,0.00370352645308725,NA,NA,NA,NA,NA,NA,NA,NA,NA
"255","112_1",0.837333333333334,311.316397228637,0.836296473661683,0.0010368596716509,NA,NA,NA,NA,NA,NA,NA,NA,NA
"256","112_1",0.837333333333334,335.334872979215,0.836296473678576,0.00103685965475775,NA,NA,NA,NA,NA,NA,NA,NA,NA
"257","112_1",0.834666666666667,359.353348729792,0.836296473681063,-0.00162980701439619,NA,NA,NA,NA,NA,NA,NA,NA,NA
"258","112_1",0.829333333333334,383.37182448037,0.836296473681429,-0.00696314034809509,NA,NA,NA,NA,NA,NA,NA,NA,NA
"259","112_1",0.834666666666667,408.314087759815,0.836296473681486,-0.00162980701481896,NA,NA,NA,NA,NA,NA,NA,NA,NA
"260","112_1",0.834666666666667,431.408775981524,0.836296473681493,-0.00162980701482607,NA,NA,NA,NA,NA,NA,NA,NA,NA
"261","112_1",0.834666666666667,455.427251732102,0.836296473681493,-0.00162980701482607,NA,NA,NA,NA,NA,NA,NA,NA,NA
"262","112_1",0.834666666666667,479.445727482679,0.836296473681493,-0.00162980701482607,NA,NA,NA,NA,NA,NA,NA,NA,NA
"263","113_1",0.0292553191489362,3.82015412966996,0.0378216423658702,-0.00856632321693401,NA,NA,NA,NA,NA,NA,NA,NA,NA
"264","113_1",0.0425531914893618,6.78421846205393,0.0503361258827989,-0.00778293439343709,NA,NA,NA,NA,NA,NA,NA,NA,NA
"265","113_1",0.0824468085106385,13.196096498576,0.0800425713972966,0.00240423711334188,NA,NA,NA,NA,NA,NA,NA,NA,NA
"266","113_1",0.151595744680851,23.9793097671302,0.13835477110816,0.0132409735726913,NA,NA,NA,NA,NA,NA,NA,NA,NA
"267","113_1",0.295212765957447,44.9124643993969,0.279577845028926,0.0156349209285209,NA,NA,NA,NA,NA,NA,NA,NA,NA
"268","113_1",0.468085106382979,70.2169542636957,0.478708777362974,-0.0106236709799947,NA,NA,NA,NA,NA,NA,NA,NA,NA
"269","113_1",0.648936170212766,96.6384654045904,0.670392216990402,-0.0214560467776362,NA,NA,NA,NA,NA,NA,NA,NA,NA
"270","113_1",0.723404255319149,108.166359524208,0.737528927279626,-0.0141246719604774,NA,NA,NA,NA,NA,NA,NA,NA,NA
"271","113_1",0.784574468085106,117.556960964986,0.783373248065146,0.0012012200199597,NA,NA,NA,NA,NA,NA,NA,NA,NA
"272","113_1",0.819148936170213,123.499748701625,0.808365848822067,0.0107830873481459,NA,NA,NA,NA,NA,NA,NA,NA,NA
"273","113_1",0.861702127659575,130.283967163679,0.833311529606153,0.0283905980534221,NA,NA,NA,NA,NA,NA,NA,NA,NA
"274","113_1",0.888297872340426,148.062489529234,0.882823968397007,0.00547390394341929,NA,NA,NA,NA,NA,NA,NA,NA,NA
"275","113_1",0.928191489361702,177.623973864969,0.92841122501343,-0.000219735651727726,NA,NA,NA,NA,NA,NA,NA,NA,NA
"276","113_1",0.952127659574468,204.951415647512,0.947426112153376,0.00470154742109152,NA,NA,NA,NA,NA,NA,NA,NA,NA
"277","113_1",0.952127659574468,228.927793600268,0.955279805254728,-0.00315214568025979,NA,NA,NA,NA,NA,NA,NA,NA,NA
"278","113_1",0.952127659574468,252.904171553024,0.959133192775146,-0.00700553320067765,NA,NA,NA,NA,NA,NA,NA,NA,NA
"279","113_1",0.952127659574468,277.156140056961,0.961027032800518,-0.00889937322605039,NA,NA,NA,NA,NA,NA,NA,NA,NA
"280","114_1",NA,NA,NA,NA,NA,NA,NA,NA,NA,NA,NA,NA,NA
"281","115_1",0.0677597345905362,22.8915662650603,0.0722328211755649,-0.00447308658502872,NA,NA,NA,NA,NA,NA,NA,NA,NA
"282","115_1",0.19290728129911,46.9879518072289,0.182437584995038,0.0104696963040716,NA,NA,NA,NA,NA,NA,NA,NA,NA
"283","115_1",0.304145276759211,69.8795180722891,0.30863471916877,-0.00448944240955884,NA,NA,NA,NA,NA,NA,NA,NA,NA
"284","115_1",0.415379779989523,93.9759036144578,0.423834992510829,-0.00845521252130566,NA,NA,NA,NA,NA,NA,NA,NA,NA
"285","115_1",0.500527326698097,118.072289156626,0.497610091254923,0.00291723544317435,NA,NA,NA,NA,NA,NA,NA,NA,NA
"286","115_1",0.547414003841453,142.168674698795,0.53596393448482,0.0114500693566326,NA,NA,NA,NA,NA,NA,NA,NA,NA
"287","115_1",0.55429718875502,167.469879518072,0.554296065976728,1.12277829245055e-06,NA,NA,NA,NA,NA,NA,NA,NA,NA
"288","115_1",0.552491705954252,190.361445783132,0.56152039941405,-0.00902869345979807,NA,NA,NA,NA,NA,NA,NA,NA,NA
"289","115_1",0.580247948314999,214.457831325301,0.564849845423795,0.0153981028912044,NA,NA,NA,NA,NA,NA,NA,NA,NA
"290","115_1",0.581917234154007,238.55421686747,0.566258128727331,0.0156591054266756,NA,NA,NA,NA,NA,NA,NA,NA,NA
"291","115_1",0.574887375589314,263.855421686747,0.566869336422192,0.00801803916712207,NA,NA,NA,NA,NA,NA,NA,NA,NA
"292","115_1",0.566125371049415,286.746987951807,0.567100297609078,-0.000974926559662803,NA,NA,NA,NA,NA,NA,NA,NA,NA
"293","115_1",0.574751178627554,310.843373493976,0.567204939267068,0.00754623936048604,NA,NA,NA,NA,NA,NA,NA,NA,NA
"294","115_1",0.574681334031779,334.939759036145,0.567248864888807,0.00743246914297202,NA,NA,NA,NA,NA,NA,NA,NA,NA
"295","115_1",0.57808975030557,359.036144578313,0.567267301005941,0.0108224492996287,NA,NA,NA,NA,NA,NA,NA,NA,NA
"296","115_1",0.581498166579361,383.132530120482,0.567275038406418,0.014223128172943,NA,NA,NA,NA,NA,NA,NA,NA,NA
"297","115_1",0.564040509865549,406.024096385542,0.567278181419123,-0.00323767155357424,NA,NA,NA,NA,NA,NA,NA,NA,NA
"298","115_1",0.570927187008905,430.120481927711,0.567279604647302,0.0036475823616029,NA,NA,NA,NA,NA,NA,NA,NA,NA
"299","115_1",0.570860834642919,453.012048192771,0.567280182768952,0.00358065187396683,NA,NA,NA,NA,NA,NA,NA,NA,NA
"300","115_1",0.560352715208661,478.313253012048,0.567280452597061,-0.00692773738839947,NA,NA,NA,NA,NA,NA,NA,NA,NA
"301","115_1",0.563761131482452,502.409638554217,0.56728055779263,-0.0035194263101781,NA,NA,NA,NA,NA,NA,NA,NA,NA
"302","115_1",0.553256504277981,526.506024096385,0.567280601939959,-0.0140240976619784,NA,NA,NA,NA,NA,NA,NA,NA,NA
"303","115_1",0.553186659682207,550.602409638554,0.567280620467223,-0.0140939607850157,NA,NA,NA,NA,NA,NA,NA,NA,NA
"304","115_1",0.554855945521215,574.698795180723,0.567280628242543,-0.0124246827213277,NA,NA,NA,NA,NA,NA,NA,NA,NA
"305","115_1",0.553046970490658,598.795180722892,0.567280631505604,-0.0142336610149456,NA,NA,NA,NA,NA,NA,NA,NA,NA
"306","115_1",0.556458878994238,621.686746987951,0.567280632831068,-0.0108217538368298,NA,NA,NA,NA,NA,NA,NA,NA,NA
"307","115_1",0.563345556137594,645.78313253012,0.567280633431267,-0.00393507729367282,NA,NA,NA,NA,NA,NA,NA,NA,NA
"308","115_1",0.566753972411385,669.879518072289,0.567280633683151,-0.000526661271765594,NA,NA,NA,NA,NA,NA,NA,NA,NA
"309","116_1",NA,NA,NA,NA,NA,NA,NA,NA,NA,NA,NA,NA,NA
"310","117_1",NA,NA,NA,NA,NA,NA,NA,NA,NA,NA,NA,NA,NA
"311","118_1",NA,NA,NA,NA,NA,NA,NA,NA,NA,NA,NA,NA,NA
"312","119_1",NA,NA,NA,NA,NA,NA,NA,NA,NA,NA,NA,NA,NA
"313","12_1",0.0123167155425221,24.3407707910748,0.0141605884333012,-0.0018438728907791,NA,NA,NA,NA,NA,NA,NA,NA,NA
"314","12_1",0.0228739002932552,48.6815415821497,0.022042747470962,0.000831152822293152,NA,NA,NA,NA,NA,NA,NA,NA,NA
"315","12_1",0.0299120234604106,71.8052738336711,0.0299860837031644,-7.40602427537554e-05,NA,NA,NA,NA,NA,NA,NA,NA,NA
"316","12_1",0.0422287390029327,96.1460446247461,0.0385957250007534,0.00363301400217927,NA,NA,NA,NA,NA,NA,NA,NA,NA
"317","12_1",0.0475073313782991,120.486815415821,0.0471928886535791,0.000314442724720032,NA,NA,NA,NA,NA,NA,NA,NA,NA
"318","12_1",0.0563049853372434,144.827586206896,0.0555078449074087,0.000797140429834725,NA,NA,NA,NA,NA,NA,NA,NA,NA
"319","12_1",0.0598240469208213,167.951318458418,0.0629306182525833,-0.00310657133176198,NA,NA,NA,NA,NA,NA,NA,NA,NA
"320","12_1",0.0615835777126099,191.075050709939,0.0697326684489485,-0.00814909073633864,NA,NA,NA,NA,NA,NA,NA,NA,NA
"321","12_1",0.0826979472140762,215.415821501014,0.076117021450298,0.00658092576377822,NA,NA,NA,NA,NA,NA,NA,NA,NA
"322","12_1",0.0862170087976539,239.756592292089,0.0816615473920848,0.00455546140556914,NA,NA,NA,NA,NA,NA,NA,NA,NA
"323","12_1",0.0809384164222875,264.097363083164,0.0863779635258588,-0.00543954710357131,NA,NA,NA,NA,NA,NA,NA,NA,NA
"324","12_1",0.0932551319648094,288.438133874239,0.090319728185615,0.00293540377919445,NA,NA,NA,NA,NA,NA,NA,NA,NA
"325","12_1",0.0967741935483871,311.56186612576,0.0934185804050069,0.00335561314338015,NA,NA,NA,NA,NA,NA,NA,NA,NA
"326","12_1",0.0897360703812318,335.902636916835,0.0960873110592728,-0.00635124067804102,NA,NA,NA,NA,NA,NA,NA,NA,NA
"327","12_1",0.0967741935483871,359.026369168357,0.0981412738587664,-0.00136708031037927,NA,NA,NA,NA,NA,NA,NA,NA,NA
"328","12_1",0.0985337243401762,384.584178498986,0.0999568786528569,-0.00142315431268066,NA,NA,NA,NA,NA,NA,NA,NA,NA
"329","12_1",0.0950146627565983,407.707910750507,0.101261138113689,-0.00624647535709068,NA,NA,NA,NA,NA,NA,NA,NA,NA
"330","12_1",0.105571847507331,432.048681541582,0.102352672429075,0.00321917507825568,NA,NA,NA,NA,NA,NA,NA,NA,NA
"331","12_1",0.110850439882698,453.955375253549,0.103134875413041,0.00771556446965699,NA,NA,NA,NA,NA,NA,NA,NA,NA
"332","12_1",0.109090909090909,479.513184584179,0.10385574133314,0.00523516775776854,NA,NA,NA,NA,NA,NA,NA,NA,NA
"333","12_1",0.109090909090909,502.636916835699,0.104365930691461,0.00472497839944817,NA,NA,NA,NA,NA,NA,NA,NA,NA
"334","12_1",0.109090909090909,526.977687626774,0.104788087264696,0.00430282182621299,NA,NA,NA,NA,NA,NA,NA,NA,NA
"335","12_1",0.102052785923754,551.31845841785,0.105117295237304,-0.00306450931354985,NA,NA,NA,NA,NA,NA,NA,NA,NA
"336","12_1",0.10733137829912,575.659229208925,0.105373700399321,0.00195767789979907,NA,NA,NA,NA,NA,NA,NA,NA,NA
"337","12_1",0.105571847507331,598.782961460446,0.105564380037531,7.46746979955748e-06,NA,NA,NA,NA,NA,NA,NA,NA,NA
"338","12_1",0.0985337243401759,623.123732251521,0.105721467438062,-0.00718774309788653,NA,NA,NA,NA,NA,NA,NA,NA,NA
"339","12_1",0.102052785923754,647.464503042596,0.105843536560923,-0.00379075063716894,NA,NA,NA,NA,NA,NA,NA,NA,NA
"340","12_1",0.103812316715543,670.588235294117,0.105934157140474,-0.00212184042493138,NA,NA,NA,NA,NA,NA,NA,NA,NA
"341","120_1",NA,NA,NA,NA,NA,NA,NA,NA,NA,NA,NA,NA,NA
"342","121_1",NA,NA,NA,NA,NA,NA,NA,NA,NA,NA,NA,NA,NA
"343","122_1",NA,NA,NA,NA,NA,NA,NA,NA,NA,NA,NA,NA,NA
"344","125_1",NA,NA,NA,NA,NA,NA,NA,NA,NA,NA,NA,NA,NA
"345","126_1",NA,NA,NA,NA,NA,NA,NA,NA,NA,NA,NA,NA,NA
"346","127_1",0.0956978944006286,1.67072062111495,0.0696603254878726,0.026037568912756,NA,NA,NA,NA,NA,NA,NA,NA,NA
"347","127_1",0.0797400555268912,1.70020392619345,0.0708787286090505,0.00886132691784072,NA,NA,NA,NA,NA,NA,NA,NA,NA
"348","127_1",0.0797400555268912,1.70020392619345,0.0708787286090505,0.00886132691784072,NA,NA,NA,NA,NA,NA,NA,NA,NA
"349","127_1",0.138227561976364,3.43971892582491,0.142802447834056,-0.00457488585769236,NA,NA,NA,NA,NA,NA,NA,NA,NA
"350","127_1",0.111631163853468,3.48885776762241,0.144828155071867,-0.0331969912183988,NA,NA,NA,NA,NA,NA,NA,NA,NA
"351","127_1",0.172778310115231,5.22345888307413,0.215645107799779,-0.042866797684548,NA,NA,NA,NA,NA,NA,NA,NA,NA
"352","127_1",0.212660622589126,6.07356084617085,0.249618063350913,-0.0369574407617869,NA,NA,NA,NA,NA,NA,NA,NA,NA
"353","127_1",0.271160413749048,6.88926562000933,0.281579611500199,-0.0104191977511508,NA,NA,NA,NA,NA,NA,NA,NA,NA
"354","127_1",0.348277683594998,7.67057320458956,0.311498433744996,0.0367792498500017,NA,NA,NA,NA,NA,NA,NA,NA,NA
"355","127_1",0.404117834942631,8.49119186260779,0.342086444441123,0.0620313905015084,NA,NA,NA,NA,NA,NA,NA,NA,NA
"356","127_1",0.656599346453405,21.8815262524262,0.680147124357686,-0.0235477779042805,NA,NA,NA,NA,NA,NA,NA,NA,NA
"357","127_1",0.810539053094519,45.6155868406181,0.802308361336228,0.00823069175829139,NA,NA,NA,NA,NA,NA,NA,NA,NA
"358","127_1",0.804888086287807,70.5682907053881,0.810077100951688,-0.00518901466388066,NA,NA,NA,NA,NA,NA,NA,NA,NA
"359","127_1",0.82584580231444,94.5480455025675,0.810455729585476,0.0153900727289643,NA,NA,NA,NA,NA,NA,NA,NA,NA
"360","127_1",0.846815803051523,117.603990073954,0.810476349450752,0.0363394536007707,NA,NA,NA,NA,NA,NA,NA,NA,NA
"361","127_1",0.854463035306258,142.532124517825,0.810477630347297,0.0439854049589613,NA,NA,NA,NA,NA,NA,NA,NA,NA
"362","127_1",0.843505073585416,166.570845925162,0.810477692579802,0.033027381005614,NA,NA,NA,NA,NA,NA,NA,NA,NA
"363","127_1",0.840538316011892,189.671015454166,0.810477695943518,0.0300606200683735,NA,NA,NA,NA,NA,NA,NA,NA,NA
"364","127_1",0.83754698901747,214.618805434756,0.810477696151302,0.0270692928661675,NA,NA,NA,NA,NA,NA,NA,NA,NA
"365","127_1",0.845218790693104,237.699319427041,0.810477696161303,0.0347410945318006,NA,NA,NA,NA,NA,NA,NA,NA,NA
"366","127_1",0.836908184074103,262.656937175991,0.810477696161922,0.0264304879121814,NA,NA,NA,NA,NA,NA,NA,NA,NA
"367","127_1",0.841908061226998,286.666175278249,0.810477696161954,0.0314303650650445,NA,NA,NA,NA,NA,NA,NA,NA,NA
"368","127_1",0.838929018943025,310.690155033046,0.810477696161954,0.0284513227810714,NA,NA,NA,NA,NA,NA,NA,NA,NA
"369","127_1",0.819992137785313,334.743618092922,0.810477696161954,0.00951444162335946,NA,NA,NA,NA,NA,NA,NA,NA,NA
"370","127_1",0.790416697378444,358.816736689516,0.810477696161954,-0.0200609987835095,NA,NA,NA,NA,NA,NA,NA,NA,NA
"371","127_1",0.774139456033023,382.865285865212,0.810477696161954,-0.0363382401289305,NA,NA,NA,NA,NA,NA,NA,NA,NA
"372","127_1",0.776774526424413,384.707992432618,0.810477696161954,-0.0337031697375405,NA,NA,NA,NA,NA,NA,NA,NA,NA
"373","127_1",0.76850077393676,406.894179504189,0.810477696161954,-0.0419769222251936,NA,NA,NA,NA,NA,NA,NA,NA,NA
"374","127_1",0.765534016363235,429.994349033193,0.810477696161954,-0.0449436797987185,NA,NA,NA,NA,NA,NA,NA,NA,NA
"375","127_1",0.767874253703841,454.008501019631,0.810477696161954,-0.0426034424581125,NA,NA,NA,NA,NA,NA,NA,NA,NA
"376","127_1",0.765202329181102,454.937225129604,0.810477696161954,-0.0452753669808516,NA,NA,NA,NA,NA,NA,NA,NA,NA
"377","127_1",0.764882926709418,478.956291000221,0.810477696161954,-0.0455947694525355,NA,NA,NA,NA,NA,NA,NA,NA,NA
"378","128_1",NA,NA,NA,NA,NA,NA,NA,NA,NA,NA,NA,NA,NA
"379","129_1",NA,NA,NA,NA,NA,NA,NA,NA,NA,NA,NA,NA,NA
"380","13_1",NA,NA,NA,NA,NA,NA,NA,NA,NA,NA,NA,NA,NA
"381","130_1",0.0539130434782609,22.7658459926663,0.0550265774805731,-0.00111353400231221,NA,NA,NA,NA,NA,NA,NA,NA,NA
"382","130_1",0.0800000000000001,48.0146673651126,0.078931416494791,0.00106858350520905,NA,NA,NA,NA,NA,NA,NA,NA,NA
"383","130_1",0.109565217391305,72.0516850008731,0.114780809035619,-0.00521559164431369,NA,NA,NA,NA,NA,NA,NA,NA,NA
"384","130_1",0.166956521739131,94.8280076829055,0.160911615317575,0.00604490642155581,NA,NA,NA,NA,NA,NA,NA,NA,NA
"385","130_1",0.224347826086957,118.809149642046,0.21680355872033,0.00754426736662669,NA,NA,NA,NA,NA,NA,NA,NA,NA
"386","130_1",0.27304347826087,144.012572027239,0.27246718951021,0.000576288750660015,NA,NA,NA,NA,NA,NA,NA,NA,NA
"387","130_1",0.288695652173913,166.872708224201,0.312141401503977,-0.0234457493300635,NA,NA,NA,NA,NA,NA,NA,NA,NA
"388","130_1",0.332173913043479,190.881788021652,0.340592454258223,-0.00841854121474361,NA,NA,NA,NA,NA,NA,NA,NA,NA
"389","130_1",0.373913043478261,214.894360048891,0.357945014094273,0.0159680293839882,NA,NA,NA,NA,NA,NA,NA,NA,NA
"390","130_1",0.389565217391305,238.959315522961,0.367868210477731,0.0216970069135741,NA,NA,NA,NA,NA,NA,NA,NA,NA
"391","130_1",0.389565217391305,263.05570106513,0.37331920188066,0.0162460155106449,NA,NA,NA,NA,NA,NA,NA,NA,NA
"392","130_1",0.38608695652174,287.159071066876,0.376245963346074,0.00984099317566606,NA,NA,NA,NA,NA,NA,NA,NA,NA
"393","130_1",0.379130434782609,310.064606251091,0.377742801033289,0.00138763374931994,NA,NA,NA,NA,NA,NA,NA,NA,NA
"394","130_1",0.370434782608696,334.178452942204,0.378588471414281,-0.00815368880558465,NA,NA,NA,NA,NA,NA,NA,NA,NA
"395","130_1",0.377391304347827,358.260869565217,0.379032493213177,-0.00164118886535047,NA,NA,NA,NA,NA,NA,NA,NA,NA
"396","130_1",0.370434782608696,382.371224026541,0.379265823508179,-0.00883104089948317,NA,NA,NA,NA,NA,NA,NA,NA,NA
"397","130_1",0.363478260869566,406.481578487864,0.379388131247974,-0.0159098703784079,NA,NA,NA,NA,NA,NA,NA,NA,NA
"398","130_1",0.377391304347827,430.550026191723,0.379452132555755,-0.00206082820792841,NA,NA,NA,NA,NA,NA,NA,NA,NA
"399","130_1",0.379130434782609,454.642919504103,0.37948571815083,-0.000355283368221215,NA,NA,NA,NA,NA,NA,NA,NA,NA
"400","130_1",0.398260869565218,478.700890518596,0.379503297906222,0.0187575716589959,NA,NA,NA,NA,NA,NA,NA,NA,NA
"401","130_1",0.396521739130435,501.595949013445,0.379512195015884,0.0170095441145506,NA,NA,NA,NA,NA,NA,NA,NA,NA
"402","130_1",0.394782608695653,526.900646062511,0.379517363837955,0.0152652448576978,NA,NA,NA,NA,NA,NA,NA,NA,NA
"403","130_1",0.39304347826087,551.000523834468,0.379519896563876,0.0135235816969942,NA,NA,NA,NA,NA,NA,NA,NA,NA
"404","130_1",0.365217391304348,573.947965776148,0.379521177384921,-0.0143037860805734,NA,NA,NA,NA,NA,NA,NA,NA,NA
"405","130_1",0.368695652173914,599.242186135847,0.379521918971163,-0.0108262667972487,NA,NA,NA,NA,NA,NA,NA,NA,NA
"406","130_1",0.366956521739131,622.137244630697,0.379522269409671,-0.0125657476705401,NA,NA,NA,NA,NA,NA,NA,NA,NA
"407","130_1",0.365217391304349,646.237122402654,0.379522466108341,-0.014305074803992,NA,NA,NA,NA,NA,NA,NA,NA,NA
"408","130_1",0.361739130434783,670.3404924044,0.379522569149248,-0.0177834387144653,NA,NA,NA,NA,NA,NA,NA,NA,NA
"409","131_1",0.080006158583525,0.923787528868161,0.0504006793262144,0.0296054792573106,NA,NA,NA,NA,NA,NA,NA,NA,NA
"410","131_1",0.080006158583525,0.923787528868161,0.0504006793262144,0.0296054792573106,NA,NA,NA,NA,NA,NA,NA,NA,NA
"411","131_1",0.0586728252501918,0.923787528868161,0.0504006793262144,0.00827214592397738,NA,NA,NA,NA,NA,NA,NA,NA,NA
"412","131_1",0.0160061585835245,0.923787528868161,0.0504006793262144,-0.0343945207426899,NA,NA,NA,NA,NA,NA,NA,NA,NA
"413","131_1",0.10135180908391,2.77136258660494,0.109132390772104,-0.00778058168819379,NA,NA,NA,NA,NA,NA,NA,NA,NA
"414","131_1",0.125357967667436,3.69515011547321,0.13957711446694,-0.0142191467995039,NA,NA,NA,NA,NA,NA,NA,NA,NA
"415","131_1",0.149364126250961,4.6189376443416,0.170493398178625,-0.0211292719276641,NA,NA,NA,NA,NA,NA,NA,NA,NA
"416","131_1",0.173370284834487,5.54272517320999,0.201679495014976,-0.028309210180489,NA,NA,NA,NA,NA,NA,NA,NA,NA
"417","131_1",0.221376443418013,6.46651270207826,0.232926733297852,-0.0115502898798391,NA,NA,NA,NA,NA,NA,NA,NA,NA
"418","131_1",0.253382602001539,7.39030023094676,0.264024861045797,-0.0106422590442578,NA,NA,NA,NA,NA,NA,NA,NA,NA
"419","131_1",0.309388760585065,8.31408775981504,0.294767473098336,0.014621287486729,NA,NA,NA,NA,NA,NA,NA,NA,NA
"420","131_1",0.384061585835258,9.23787528868343,0.324957237534431,0.0591043483008268,NA,NA,NA,NA,NA,NA,NA,NA,NA
"421","131_1",0.616153964588145,23.0946882217089,0.637738282445128,-0.0215843178569831,NA,NA,NA,NA,NA,NA,NA,NA,NA
"422","131_1",0.725647421093148,47.1131639722863,0.737400972896921,-0.0117535518037734,NA,NA,NA,NA,NA,NA,NA,NA,NA
"423","131_1",0.768480369515011,72.0554272517319,0.74230907513379,0.0261712943812215,NA,NA,NA,NA,NA,NA,NA,NA,NA
"424","131_1",0.771307159353348,96.0739030023093,0.742499584331268,0.0288075750220798,NA,NA,NA,NA,NA,NA,NA,NA,NA
"425","131_1",0.768800615858351,120.092378752887,0.74250792567276,0.0262926901855914,NA,NA,NA,NA,NA,NA,NA,NA,NA
"426","131_1",0.77428791377983,143.187066974596,0.742508288684935,0.0317796250948954,NA,NA,NA,NA,NA,NA,NA,NA,NA
"427","131_1",0.753120862201693,168.129330254042,0.742508306807139,0.0106125553945543,NA,NA,NA,NA,NA,NA,NA,NA,NA
"428","131_1",0.755941493456504,191.22401847575,0.742508307502778,0.0134331859537261,NA,NA,NA,NA,NA,NA,NA,NA,NA
"429","131_1",0.7561077752117,216.166281755196,0.742508307537506,0.0135994676741944,NA,NA,NA,NA,NA,NA,NA,NA,NA
"430","131_1",0.756267898383371,240.184757505774,0.742508307538845,0.013759590844526,NA,NA,NA,NA,NA,NA,NA,NA,NA
"431","131_1",0.751088529638182,263.279445727483,0.742508307538905,0.00858022209927656,NA,NA,NA,NA,NA,NA,NA,NA,NA
"432","131_1",0.751254811393379,288.221709006928,0.742508307538905,0.00874650385447362,NA,NA,NA,NA,NA,NA,NA,NA,NA
"433","131_1",0.751408775981523,311.316397228637,0.742508307538905,0.0089004684426176,NA,NA,NA,NA,NA,NA,NA,NA,NA
"434","131_1",0.740908391070053,336.258660508083,0.742508307538905,-0.00159991646885238,NA,NA,NA,NA,NA,NA,NA,NA,NA
"435","131_1",0.725068514241723,360.27713625866,0.742508307538905,-0.0174397932971824,NA,NA,NA,NA,NA,NA,NA,NA,NA
"436","131_1",0.722561970746727,384.295612009238,0.742508307538905,-0.0199463367921784,NA,NA,NA,NA,NA,NA,NA,NA,NA
"437","131_1",0.717382602001539,407.390300230947,0.742508307538905,-0.0251257055373664,NA,NA,NA,NA,NA,NA,NA,NA,NA
"438","131_1",0.704209391839876,431.408775981524,0.742508307538905,-0.0382989156990294,NA,NA,NA,NA,NA,NA,NA,NA,NA
"439","131_1",0.707036181678213,455.427251732102,0.742508307538905,-0.0354721258606924,NA,NA,NA,NA,NA,NA,NA,NA,NA
"440","131_1",0.70986297151655,479.445727482679,0.742508307538905,-0.0326453360223554,NA,NA,NA,NA,NA,NA,NA,NA,NA
"441","132_1",NA,NA,NA,NA,NA,NA,NA,NA,NA,NA,NA,NA,NA
"442","133_1",NA,NA,NA,NA,NA,NA,NA,NA,NA,NA,NA,NA,NA
"443","134_1",0.0104347826086957,24.0579710144928,0.00768115951238128,0.00275362309631442,NA,NA,NA,NA,NA,NA,NA,NA,NA
"444","134_1",0.0121739130434781,48.1508643268727,0.00768115951238137,0.00449275353109673,NA,NA,NA,NA,NA,NA,NA,NA,NA
"445","134_1",0.0121739130434784,72.2472498690414,0.00768115951238128,0.00449275353109712,NA,NA,NA,NA,NA,NA,NA,NA,NA
"446","134_1",0.0121739130434784,95.1388161341016,0.00768115951238125,0.00449275353109715,NA,NA,NA,NA,NA,NA,NA,NA,NA
"447","134_1",0.0121739130434784,120.440020953379,0.00768115951238125,0.00449275353109715,NA,NA,NA,NA,NA,NA,NA,NA,NA
"448","134_1",0.0121739130434784,143.331587218439,0.00768115951238128,0.00449275353109712,NA,NA,NA,NA,NA,NA,NA,NA,NA
"449","134_1",0.00521739130434784,167.441941679762,0.00768115951238122,-0.00246376820803338,NA,NA,NA,NA,NA,NA,NA,NA,NA
"450","134_1",0.00521739130434784,191.538327221931,0.00768115951238128,-0.00246376820803343,NA,NA,NA,NA,NA,NA,NA,NA,NA
"451","134_1",0.00521739130434784,215.6347127641,0.00768115951238122,-0.00246376820803338,NA,NA,NA,NA,NA,NA,NA,NA,NA
"452","134_1",0.00347826086956537,239.734590536057,0.00768115951238128,-0.0042028986428159,NA,NA,NA,NA,NA,NA,NA,NA,NA
"453","134_1",0.00521739130434784,263.827483848437,0.00768115951238128,-0.00246376820803343,NA,NA,NA,NA,NA,NA,NA,NA,NA
"454","134_1",0.00521739130434784,286.719050113497,0.00768115951238128,-0.00246376820803343,NA,NA,NA,NA,NA,NA,NA,NA,NA
"455","134_1",0.00521739130434784,313.225074209883,0.00768115951238161,-0.00246376820803377,NA,NA,NA,NA,NA,NA,NA,NA,NA
"456","134_1",0.00695652173913075,336.113148245154,0.00768115951238128,-0.000724637773250525,NA,NA,NA,NA,NA,NA,NA,NA,NA
"457","134_1",0.00521739130434806,357.803387462895,0.00768115951238128,-0.00246376820803322,NA,NA,NA,NA,NA,NA,NA,NA,NA
"458","134_1",0.0034782608695656,384.312903789069,0.00768115951238161,-0.00420289864281601,NA,NA,NA,NA,NA,NA,NA,NA,NA
"459","134_1",0.00521739130434806,407.200977824341,0.00768115951238161,-0.00246376820803355,NA,NA,NA,NA,NA,NA,NA,NA,NA
"460","134_1",0.00695652173913097,431.293871136721,0.00768115951238161,-0.000724637773250636,NA,NA,NA,NA,NA,NA,NA,NA,NA
"461","134_1",0.00869565217391322,455.386764449101,0.00768115951238161,0.00101449266153161,NA,NA,NA,NA,NA,NA,NA,NA,NA
"462","134_1",0.0121739130434786,479.476165531692,0.00768115951238161,0.00449275353109699,NA,NA,NA,NA,NA,NA,NA,NA,NA
"463","134_1",0.00869565217391322,503.579535533438,0.00768115951238161,0.00101449266153161,NA,NA,NA,NA,NA,NA,NA,NA,NA
"464","134_1",0.00695652173913075,526.474594028287,0.00768115951238128,-0.000724637773250525,NA,NA,NA,NA,NA,NA,NA,NA,NA
"465","134_1",0.00695652173913075,551.775798847564,0.00768115951238128,-0.000724637773250525,NA,NA,NA,NA,NA,NA,NA,NA,NA
"466","134_1",0.00695652173913075,575.872184389733,0.00768115952857079,-0.000724637789440036,NA,NA,NA,NA,NA,NA,NA,NA,NA
"467","134_1",0.0104347826086959,599.961585472324,0.0104347309709008,5.16377951474689e-08,NA,NA,NA,NA,NA,NA,NA,NA,NA
"468","134_1",0.0121739130434788,622.849659507595,0.0121739130331235,1.03552600522194e-11,NA,NA,NA,NA,NA,NA,NA,NA,NA
"469","134_1",0.0121739130434786,648.150864326872,0.012173913050546,-7.06744732181797e-12,NA,NA,NA,NA,NA,NA,NA,NA,NA
"470","134_1",0.0121739130434788,671.042430591933,0.012173913050546,-7.06724782861823e-12,NA,NA,NA,NA,NA,NA,NA,NA,NA
"471","135_1",NA,NA,NA,NA,NA,NA,NA,NA,NA,NA,NA,NA,NA
"472","136_1",NA,NA,NA,NA,NA,NA,NA,NA,NA,NA,NA,NA,NA
"473","137_1",NA,NA,NA,NA,NA,NA,NA,NA,NA,NA,NA,NA,NA
"474","138_1",NA,NA,NA,NA,NA,NA,NA,NA,NA,NA,NA,NA,NA
"475","139_1",NA,NA,NA,NA,NA,NA,NA,NA,NA,NA,NA,NA,NA
"476","14_1",NA,NA,NA,NA,NA,NA,NA,NA,NA,NA,NA,NA,NA
"477","140_1",NA,NA,NA,NA,NA,NA,NA,NA,NA,NA,NA,NA,NA
"478","141_1",NA,NA,NA,NA,NA,NA,NA,NA,NA,NA,NA,NA,NA
"479","142_1",NA,NA,NA,NA,NA,NA,NA,NA,NA,NA,NA,NA,NA
"480","143_1",NA,NA,NA,NA,NA,NA,NA,NA,NA,NA,NA,NA,NA
"481","144_1",NA,NA,NA,NA,NA,NA,NA,NA,NA,NA,NA,NA,NA
"482","145_1",NA,NA,NA,NA,NA,NA,NA,NA,NA,NA,NA,NA,NA
"483","146_1",NA,NA,NA,NA,NA,NA,NA,NA,NA,NA,NA,NA,NA
"484","147_1",NA,NA,NA,NA,NA,NA,NA,NA,NA,NA,NA,NA,NA
"485","148_1",NA,NA,NA,NA,NA,NA,NA,NA,NA,NA,NA,NA,NA
"486","149_1",NA,NA,NA,NA,NA,NA,NA,NA,NA,NA,NA,NA,NA
"487","15_1",NA,NA,NA,NA,NA,NA,NA,NA,NA,NA,NA,NA,NA
"488","150_1",1.11971188940429,0.0638097966962192,1.26536122717918,-0.145649337774894,NA,NA,NA,NA,NA,NA,NA,NA,NA
"489","150_1",1.62197334413307,97.2494885754077,1.45733479892819,0.164638545204884,NA,NA,NA,NA,NA,NA,NA,NA,NA
"490","150_1",2.0473572702077,170.106842761093,1.96188203489024,0.0854752353174637,NA,NA,NA,NA,NA,NA,NA,NA,NA
"491","150_1",2.57263212163403,265.576373849711,3.00457794706991,-0.431945825435875,NA,NA,NA,NA,NA,NA,NA,NA,NA
"492","150_1",4.27469078627769,338.628515835838,3.49645394407372,0.778236842203972,NA,NA,NA,NA,NA,NA,NA,NA,NA
"493","150_1",3.12937505753784,435.330583523799,3.6794198294108,-0.550044771872965,NA,NA,NA,NA,NA,NA,NA,NA,NA
"494","150_1",3.80307715304811,506.545675047145,3.703787801801,0.0992893512471116,NA,NA,NA,NA,NA,NA,NA,NA,NA
"495","151_1",1.11971188940429,0.0638097966962619,1.17601240957371,-0.0563005201694193,NA,NA,NA,NA,NA,NA,NA,NA,NA
"496","151_1",1.49639854629237,95.5770002198959,1.43060304524108,0.0657955010512905,NA,NA,NA,NA,NA,NA,NA,NA,NA
"497","151_1",2.10637840075384,168.511597843687,2.06447316038343,0.0419052403704088,NA,NA,NA,NA,NA,NA,NA,NA,NA
"498","151_1",3.09491334075701,265.707351853456,3.31807263957607,-0.223159298819062,NA,NA,NA,NA,NA,NA,NA,NA,NA
"499","151_1",4.33590124824678,338.638591066895,3.90420360863035,0.431697639616429,NA,NA,NA,NA,NA,NA,NA,NA,NA
"500","151_1",3.64178451205697,433.822657275556,4.12739627949713,-0.48561176744016,NA,NA,NA,NA,NA,NA,NA,NA,NA
"501","151_1",4.38411471328421,506.646427357718,4.15844154067473,0.225673172609477,NA,NA,NA,NA,NA,NA,NA,NA,NA
"502","152_1",NA,NA,NA,NA,NA,NA,NA,NA,NA,NA,NA,NA,NA
"503","153_1",NA,NA,NA,NA,NA,NA,NA,NA,NA,NA,NA,NA,NA
"504","154_1",1.84626348837631,1.18956438487308,1.71825540849424,0.128008079882071,NA,NA,NA,NA,NA,NA,NA,NA,NA
"505","154_1",1.72962188903916,73.4648157012924,2.14842396188783,-0.41880207284867,NA,NA,NA,NA,NA,NA,NA,NA,NA
"506","154_1",2.96679118131336,169.390617520345,2.59160207542305,0.375189105890311,NA,NA,NA,NA,NA,NA,NA,NA,NA
"507","154_1",2.9707506712444,240.013882240306,2.86102659903649,0.109724072207906,NA,NA,NA,NA,NA,NA,NA,NA,NA
"508","154_1",3.04782444052159,336.301579703207,3.17453451656635,-0.126710076044764,NA,NA,NA,NA,NA,NA,NA,NA,NA
"509","154_1",3.18554204305656,408.499760651029,3.37699194780991,-0.191449904753353,NA,NA,NA,NA,NA,NA,NA,NA,NA
"510","154_1",3.73402205593353,504.693633317377,3.60997531289038,0.124046743043154,NA,NA,NA,NA,NA,NA,NA,NA,NA
"511","155_1",1.83749811749398,1.19291527046427,1.74773566081276,0.0897624566812174,NA,NA,NA,NA,NA,NA,NA,NA,NA
"512","155_1",1.71323767456612,73.4715174724748,1.9508736920219,-0.237636017455777,NA,NA,NA,NA,NA,NA,NA,NA,NA
"513","155_1",3.05263223116037,167.765438008617,2.59718723463792,0.455444996522453,NA,NA,NA,NA,NA,NA,NA,NA,NA
"514","155_1",2.63752597189697,240.097654380086,3.25690354016019,-0.619377568263223,NA,NA,NA,NA,NA,NA,NA,NA,NA
"515","155_1",4.52396657244525,334.418382000957,3.82635373859676,0.697612833848492,NA,NA,NA,NA,NA,NA,NA,NA,NA
"516","155_1",3.62220639442631,406.804212541886,3.98860772513321,-0.366401330706895,NA,NA,NA,NA,NA,NA,NA,NA,NA
"517","155_1",4.0293237946639,503.034944949737,4.04872914004918,-0.0194053453852847,NA,NA,NA,NA,NA,NA,NA,NA,NA
"518","156_1",1.83749811749399,1.19291527046431,1.77118746590008,0.0663106515939098,NA,NA,NA,NA,NA,NA,NA,NA,NA
"519","156_1",2.03339446544631,73.3508855911919,2.22124504554761,-0.1878505801013,NA,NA,NA,NA,NA,NA,NA,NA,NA
"520","156_1",3.35755562843647,169.303494494974,3.0804852190134,0.277070409423066,NA,NA,NA,NA,NA,NA,NA,NA,NA
"521","156_1",3.66272617347954,239.866443274294,3.80447098342292,-0.14174480994338,NA,NA,NA,NA,NA,NA,NA,NA,NA
"522","156_1",4.58915669269423,336.013403542365,4.73538817922033,-0.146231486526097,NA,NA,NA,NA,NA,NA,NA,NA,NA
"523","156_1",5.48019578939508,408.117759693633,5.27422236268206,0.205973426713018,NA,NA,NA,NA,NA,NA,NA,NA,NA
"524","156_1",5.62220470033075,502.800382958354,5.69573228781111,-0.0735275874803634,NA,NA,NA,NA,NA,NA,NA,NA,NA
"525","157_1",1.84626348837631,1.18956438487308,1.83888130570044,0.00738218267586599,NA,NA,NA,NA,NA,NA,NA,NA,NA
"526","157_1",2.32322584981326,73.2570607946385,2.6242198916813,-0.300994041868036,NA,NA,NA,NA,NA,NA,NA,NA,NA
"527","157_1",3.89128774308208,169.199617041647,3.59724185083277,0.294045892249309,NA,NA,NA,NA,NA,NA,NA,NA,NA
"528","157_1",4.53742519491001,239.71565342269,4.2085379465946,0.328887248315406,NA,NA,NA,NA,NA,NA,NA,NA,NA
"529","157_1",4.25269692100106,336.067017711824,4.81489604342032,-0.562199122419264,NA,NA,NA,NA,NA,NA,NA,NA,NA
"530","157_1",5.20053889099188,406.549545236956,5.0762365418737,0.124302349118176,NA,NA,NA,NA,NA,NA,NA,NA,NA
"531","157_1",5.36091436984208,502.833891814265,5.25198368268478,0.108930687157295,NA,NA,NA,NA,NA,NA,NA,NA,NA
"532","158_1",0.00262278568094132,0.91889634161322,0.0042370309893064,-0.00161424530836508,NA,NA,NA,NA,NA,NA,NA,NA,NA
"533","158_1",0.00519643252008573,7.38065403798433,0.00812200338030534,-0.00292557086021961,NA,NA,NA,NA,NA,NA,NA,NA,NA
"534","158_1",0.0158104223483453,9.20861895285128,0.0110952704987767,0.00471515184956863,NA,NA,NA,NA,NA,NA,NA,NA,NA
"535","158_1",0.180523820053562,22.7611115206014,0.180827641957268,-0.000303821903706425,NA,NA,NA,NA,NA,NA,NA,NA,NA
"536","158_1",0.427550920124813,46.3231861625021,0.41665538975671,0.010895530368103,NA,NA,NA,NA,NA,NA,NA,NA,NA
"537","158_1",0.549562664308003,71.0400235866441,0.417569315318858,0.131993348989145,NA,NA,NA,NA,NA,NA,NA,NA,NA
"538","158_1",0.639671015454167,94.89201739515,0.417570416171593,0.222100599282574,NA,NA,NA,NA,NA,NA,NA,NA,NA
"539","158_1",0.628725338443774,118.006928576693,0.417570417845525,0.211154920598249,NA,NA,NA,NA,NA,NA,NA,NA,NA
"540","158_1",0.63371293088622,142.939976904744,0.417570417848637,0.216142513037583,NA,NA,NA,NA,NA,NA,NA,NA,NA
"541","158_1",0.574881452544164,167.067148227316,0.417570417848644,0.15731103469552,NA,NA,NA,NA,NA,NA,NA,NA,NA
"542","158_1",0.553297216284613,190.201714945579,0.417570417848644,0.135726798435969,NA,NA,NA,NA,NA,NA,NA,NA,NA
"543","158_1",0.507751652293555,215.228127073045,0.417570417848644,0.0901812344449109,NA,NA,NA,NA,NA,NA,NA,NA,NA
"544","158_1",0.438281614702342,239.374953932336,0.417570417848644,0.0207111968536979,NA,NA,NA,NA,NA,NA,NA,NA,NA
"545","158_1",0.387429055797156,263.487383602368,0.417570417848637,-0.030141362051481,NA,NA,NA,NA,NA,NA,NA,NA,NA
"546","158_1",0.352546620476156,286.64651974153,0.417570417848637,-0.065023797372481,NA,NA,NA,NA,NA,NA,NA,NA,NA
"547","158_1",0.29902213704823,311.687673521535,0.417570417848637,-0.118548280800407,NA,NA,NA,NA,NA,NA,NA,NA,NA
"548","158_1",0.312000933637995,335.682169971254,0.417570417848637,-0.105569484210642,NA,NA,NA,NA,NA,NA,NA,NA,NA
"549","158_1",0.306362251541732,359.711063610231,0.417570417848637,-0.111208166306905,NA,NA,NA,NA,NA,NA,NA,NA,NA
"550","158_1",0.292744650008601,383.754698901747,0.417570417848637,-0.124825767840036,NA,NA,NA,NA,NA,NA,NA,NA,NA
"551","158_1",0.295084887349207,407.768850888185,0.417570417848637,-0.12248553049943,NA,NA,NA,NA,NA,NA,NA,NA,NA
"552","158_1",0.249551608068599,431.871452789858,0.417570417848637,-0.168018809780038,NA,NA,NA,NA,NA,NA,NA,NA,NA
"553","158_1",0.243912925972336,455.900346428835,0.417570417848637,-0.173657491876301,NA,NA,NA,NA,NA,NA,NA,NA,NA
"554","158_1",0.240933883688362,479.924326183632,0.417570417848637,-0.176636534160275,NA,NA,NA,NA,NA,NA,NA,NA,NA
"555","159_1",0.0159574468085104,0.546050427207245,0.0118883993213749,0.00406904748713551,NA,NA,NA,NA,NA,NA,NA,NA,NA
"556","159_1",0.0132978723404253,1.64914558552522,0.0142949839651288,-0.000997111624703515,NA,NA,NA,NA,NA,NA,NA,NA,NA
"557","159_1",0.0186170212765955,3.0256324342436,0.0202705841052121,-0.00165356282861663,NA,NA,NA,NA,NA,NA,NA,NA,NA
"558","159_1",0.0239361702127656,3.85093818059977,0.0266525744903673,-0.00271640427760172,NA,NA,NA,NA,NA,NA,NA,NA,NA
"559","159_1",0.0398936170212765,4.94890266376278,0.0407183725392405,-0.000824755517964008,NA,NA,NA,NA,NA,NA,NA,NA,NA
"560","159_1",0.0611702127659579,6.04540123973866,0.0647176197922646,-0.00354740702630666,NA,NA,NA,NA,NA,NA,NA,NA,NA
"561","159_1",0.0957446808510638,6.8626444965656,0.0918766360266108,0.00386804482445299,NA,NA,NA,NA,NA,NA,NA,NA,NA
"562","159_1",0.135638297872341,7.6784218462054,0.128756821160835,0.00688147671150574,NA,NA,NA,NA,NA,NA,NA,NA,NA
"563","159_1",0.188829787234043,8.76612497905846,0.193412398672422,-0.00458261143837949,NA,NA,NA,NA,NA,NA,NA,NA,NA
"564","159_1",0.268617021276596,9.84649857597588,0.269636848047674,-0.00101982677107776,NA,NA,NA,NA,NA,NA,NA,NA,NA
"565","159_1",0.686170212765957,23.7865429720221,0.529433906040391,0.156736306725566,NA,NA,NA,NA,NA,NA,NA,NA,NA
"566","159_1",0.686170212765957,47.762920924778,0.52964379464591,0.156526418120047,NA,NA,NA,NA,NA,NA,NA,NA,NA
"567","159_1",0.601063829787234,71.762753392528,0.529643794946033,0.0714200348412014,NA,NA,NA,NA,NA,NA,NA,NA,NA
"568","159_1",0.497340425531914,95.7677165354331,0.529643794946033,-0.0323033694141187,NA,NA,NA,NA,NA,NA,NA,NA,NA
"569","159_1",0.367021276595745,119.780009214274,0.529643794946033,-0.162622518350288,NA,NA,NA,NA,NA,NA,NA,NA,NA
"570","159_1",0.340425531914894,144.039307254146,0.529643794946026,-0.189218263031132,NA,NA,NA,NA,NA,NA,NA,NA,NA
"571","16_1",NA,NA,NA,NA,NA,NA,NA,NA,NA,NA,NA,NA,NA
"572","160_1",NA,NA,NA,NA,NA,NA,NA,NA,NA,NA,NA,NA,NA
"573","161_1",0.00869565217391299,24.0614632442815,0.00293990668936928,0.00575574548454371,NA,NA,NA,NA,NA,NA,NA,NA,NA
"574","161_1",0.0121739130434781,48.1508643268727,0.0110242673494751,0.00114964569400305,NA,NA,NA,NA,NA,NA,NA,NA,NA
"575","161_1",0.0208695652173914,72.2297887200978,0.0292473937253753,-0.00837782850798386,NA,NA,NA,NA,NA,NA,NA,NA,NA
"576","161_1",0.0556521739130433,96.256329666492,0.0668879427797732,-0.0112357688667299,NA,NA,NA,NA,NA,NA,NA,NA,NA
"577","161_1",0.14608695652174,118.966299982539,0.128457102166226,0.0176298543555145,NA,NA,NA,NA,NA,NA,NA,NA,NA
"578","161_1",0.22608695652174,144.106862231535,0.219817422664516,0.00626953385722423,NA,NA,NA,NA,NA,NA,NA,NA,NA
"579","161_1",0.283478260869565,166.883184913567,0.298691557990012,-0.0152132971204466,NA,NA,NA,NA,NA,NA,NA,NA,NA
"580","161_1",0.344347826086957,190.857342413131,0.355970313235363,-0.0116224871484061,NA,NA,NA,NA,NA,NA,NA,NA,NA
"581","161_1",0.38608695652174,214.86991444037,0.386895210820347,-0.000808254298607369,NA,NA,NA,NA,NA,NA,NA,NA,NA
"582","161_1",0.422608695652174,238.892963156976,0.401401613918225,0.0212070817339485,NA,NA,NA,NA,NA,NA,NA,NA,NA
"583","161_1",0.441739130434783,262.950934171468,0.407761833078612,0.0339772973561709,NA,NA,NA,NA,NA,NA,NA,NA,NA
"584","161_1",0.438260869565218,287.054304173214,0.410464291458712,0.0277965781065064,NA,NA,NA,NA,NA,NA,NA,NA,NA
"585","161_1",0.443478260869565,311.140213026017,0.411593954024962,0.031884306844603,NA,NA,NA,NA,NA,NA,NA,NA,NA
"586","161_1",0.419130434782609,334.080670508119,0.412049836831445,0.00708059795116428,NA,NA,NA,NA,NA,NA,NA,NA,NA
"587","161_1",0.417391304347827,358.180548280077,0.412253458931285,0.00513784541654227,NA,NA,NA,NA,NA,NA,NA,NA,NA
"588","161_1",0.406956521739131,382.297887200978,0.412337924125248,-0.00538140238611728,NA,NA,NA,NA,NA,NA,NA,NA,NA
"589","161_1",0.410434782608696,406.387288283569,0.412372883579293,-0.00193810097059682,NA,NA,NA,NA,NA,NA,NA,NA,NA
"590","161_1",0.417391304347827,431.674524183691,0.412387815390897,0.00500348895693015,NA,NA,NA,NA,NA,NA,NA,NA,NA
"591","161_1",0.422608695652174,454.555613759385,0.41239338138436,0.0102153142678137,NA,NA,NA,NA,NA,NA,NA,NA,NA
"592","161_1",0.417391304347827,477.457656713812,0.412395794109806,0.00499551023802147,NA,NA,NA,NA,NA,NA,NA,NA,NA
"593","161_1",0.405217391304349,502.78330714161,0.412396906144709,-0.00717951484035984,NA,NA,NA,NA,NA,NA,NA,NA,NA
"594","161_1",0.417391304347827,526.855247075257,0.412397333151141,0.00499397119668621,NA,NA,NA,NA,NA,NA,NA,NA,NA
"595","161_1",0.389565217391305,551.007508294045,0.412397510623762,-0.0228322932324573,NA,NA,NA,NA,NA,NA,NA,NA,NA
"596","161_1",0.39304347826087,573.892090099528,0.412397581561187,-0.0193541033003171,NA,NA,NA,NA,NA,NA,NA,NA,NA
"597","161_1",0.39304347826087,599.193294918805,0.412397614273889,-0.019354136013019,NA,NA,NA,NA,NA,NA,NA,NA,NA
"598","161_1",0.396521739130436,622.077876724288,0.412397626458166,-0.0158758873277297,NA,NA,NA,NA,NA,NA,NA,NA,NA
"599","161_1",0.391304347826088,646.184738955823,0.412397631912146,-0.0210932840860581,NA,NA,NA,NA,NA,NA,NA,NA,NA
"600","161_1",0.389565217391305,671.489436004889,0.412397634239795,-0.0228324168484902,NA,NA,NA,NA,NA,NA,NA,NA,NA
"601","162_1",NA,NA,NA,NA,NA,NA,NA,NA,NA,NA,NA,NA,NA
"602","163_1",0.0106382978723405,2.59172390685205,0.0235794592164311,-0.0129411613440906,NA,NA,NA,NA,NA,NA,NA,NA,NA
"603","163_1",0.0239361702127661,6.10696934159824,0.0327860276794264,-0.00884985746666031,NA,NA,NA,NA,NA,NA,NA,NA,NA
"604","163_1",0.0425531914893615,9.81571452504605,0.0443006824379852,-0.00174749094862368,NA,NA,NA,NA,NA,NA,NA,NA,NA
"605","163_1",0.0611702127659575,13.2488691573128,0.056808503514283,0.00436170925167447,NA,NA,NA,NA,NA,NA,NA,NA,NA
"606","163_1",0.109042553191489,21.3289495727928,0.0941941410582805,0.0148484121332085,NA,NA,NA,NA,NA,NA,NA,NA,NA
"607","163_1",0.162234042553191,29.6025297369743,0.144910095935008,0.0173239466181831,NA,NA,NA,NA,NA,NA,NA,NA,NA
"608","163_1",0.202127659574468,36.2899983246775,0.194374771200607,0.00775288837386096,NA,NA,NA,NA,NA,NA,NA,NA,NA
"609","163_1",0.26063829787234,45.583849891104,0.270961601244485,-0.0103233033721447,NA,NA,NA,NA,NA,NA,NA,NA,NA
"610","163_1",0.359042553191489,59.911626738147,0.385438923890359,-0.0263963706988699,NA,NA,NA,NA,NA,NA,NA,NA,NA
"611","163_1",0.742021276595745,127.583766124979,0.558341142935681,0.183680133660064,NA,NA,NA,NA,NA,NA,NA,NA,NA
"612","163_1",0.75,152.952755905512,0.562190756608731,0.187809243391269,NA,NA,NA,NA,NA,NA,NA,NA,NA
"613","163_1",0.5,165.905511811024,0.562799845228322,-0.062799845228322,NA,NA,NA,NA,NA,NA,NA,NA,NA
"614","163_1",0.672872340425532,166.131261517842,0.56280692218927,0.110065418236262,NA,NA,NA,NA,NA,NA,NA,NA,NA
"615","163_1",0.36968085106383,171.637208912716,0.562953701066753,-0.193272850002923,NA,NA,NA,NA,NA,NA,NA,NA,NA
"616","163_1",0.353723404255319,193.37954431228,0.563233066442972,-0.209509662187653,NA,NA,NA,NA,NA,NA,NA,NA,NA
"617","164_1",0.00531024080719811,0.274509803921575,0.00861731340213218,-0.00330707259493407,NA,NA,NA,NA,NA,NA,NA,NA,NA
"618","164_1",0.0132938055858949,1.64705882352941,0.0139233810009866,-0.000629575415091729,NA,NA,NA,NA,NA,NA,NA,NA,NA
"619","164_1",0.0292401310656889,3.29411764705883,0.0278748671300858,0.00136526393560314,NA,NA,NA,NA,NA,NA,NA,NA,NA
"620","164_1",0.0451760545066833,4.3921568627451,0.0458337403686796,-0.000657685861996347,NA,NA,NA,NA,NA,NA,NA,NA,NA
"621","164_1",0.0557965361210797,4.94117647058824,0.0588419302216061,-0.00304539410052641,NA,NA,NA,NA,NA,NA,NA,NA,NA
"622","164_1",0.103562698288865,6.03921568627452,0.0957538533943987,0.00780884489446634,NA,NA,NA,NA,NA,NA,NA,NA,NA
"623","164_1",0.159286420138347,7.13725490196079,0.150117296823816,0.00916912331453057,NA,NA,NA,NA,NA,NA,NA,NA,NA
"624","164_1",0.199089821605034,7.9607843137255,0.202372508283933,-0.00328268667889911,NA,NA,NA,NA,NA,NA,NA,NA,NA
"625","164_1",0.257466063348416,9.05882352941177,0.28213000807905,-0.0246639447306344,NA,NA,NA,NA,NA,NA,NA,NA,NA
"626","164_1",0.360929942268685,9.88235294117648,0.342908683439974,0.0180212588287111,NA,NA,NA,NA,NA,NA,NA,NA,NA
"627","164_1",0.737853019191762,23.8823529411765,0.564770358774696,0.173082660417067,NA,NA,NA,NA,NA,NA,NA,NA,NA
"628","164_1",0.75157330836844,48.0392156862745,0.564972124412453,0.186601183955987,NA,NA,NA,NA,NA,NA,NA,NA,NA
"629","164_1",0.672450200239247,71.921568627451,0.564972124882217,0.107478075357029,NA,NA,NA,NA,NA,NA,NA,NA,NA
"630","164_1",0.500488895823581,95.8039215686275,0.564972124882217,-0.0644832290586365,NA,NA,NA,NA,NA,NA,NA,NA,NA
"631","164_1",0.370973110729703,119.960784313725,0.564972124882217,-0.193999014152514,NA,NA,NA,NA,NA,NA,NA,NA,NA
"632","164_1",0.355515681073491,144.117647058824,0.564972124882232,-0.209456443808741,NA,NA,NA,NA,NA,NA,NA,NA,NA
"633","165_1",0.0103649380129215,24.0963855421687,0.0104272481480719,-6.23101351503851e-05,NA,NA,NA,NA,NA,NA,NA,NA,NA
"634","165_1",0.0294290204295443,46.9879518072289,0.0334117536144337,-0.00398273318488942,NA,NA,NA,NA,NA,NA,NA,NA,NA
"635","165_1",0.121533088877248,71.0843373493976,0.1147557827239,0.00677730615334772,NA,NA,NA,NA,NA,NA,NA,NA,NA
"636","165_1",0.276245852977126,95.1807228915663,0.276646699551887,-0.000400846574761471,NA,NA,NA,NA,NA,NA,NA,NA,NA
"637","165_1",0.390958617077004,119.277108433735,0.408096300640888,-0.0171376835638844,NA,NA,NA,NA,NA,NA,NA,NA,NA
"638","165_1",0.481323555089925,143.373493975904,0.457008068321806,0.024315486768119,NA,NA,NA,NA,NA,NA,NA,NA,NA
"639","165_1",0.500384145276759,167.469879518072,0.469601013859527,0.0307831314172322,NA,NA,NA,NA,NA,NA,NA,NA,NA
"640","165_1",0.519444735463594,191.566265060241,0.472507212889004,0.0469375225745905,NA,NA,NA,NA,NA,NA,NA,NA,NA
"641","165_1",0.505461847389558,215.66265060241,0.473160423638377,0.0323014237511812,NA,NA,NA,NA,NA,NA,NA,NA,NA
"642","165_1",0.507131133228566,239.759036144578,0.473306363771322,0.0338247694572444,NA,NA,NA,NA,NA,NA,NA,NA,NA
"643","165_1",0.487930853850183,263.855421686747,0.473338925866097,0.0145919279840863,NA,NA,NA,NA,NA,NA,NA,NA,NA
"644","165_1",0.482643617950061,287.951807228916,0.473346188925573,0.00929742902448777,NA,NA,NA,NA,NA,NA,NA,NA,NA
"645","165_1",0.493008555962982,312.048192771084,0.473347808861325,0.019660747101657,NA,NA,NA,NA,NA,NA,NA,NA,NA
"646","165_1",0.482507420988301,334.939759036145,0.4733481620825,0.00915925890580105,NA,NA,NA,NA,NA,NA,NA,NA,NA
"647","165_1",0.485912345032303,360.240963855422,0.473348250744916,0.012564094287387,NA,NA,NA,NA,NA,NA,NA,NA,NA
"648","165_1",0.478885978697398,384.33734939759,0.473348268717466,0.0055377099799323,NA,NA,NA,NA,NA,NA,NA,NA,NA
"649","165_1",0.478819626331413,407.228915662651,0.473348272636301,0.00547135369511226,NA,NA,NA,NA,NA,NA,NA,NA,NA
"650","165_1",0.477010651300856,431.325301204819,0.473348273599974,0.00366237770088168,NA,NA,NA,NA,NA,NA,NA,NA,NA
"651","165_1",0.473462545835516,455.421686746988,0.473348273814906,0.000114272020609596,NA,NA,NA,NA,NA,NA,NA,NA,NA
"652","165_1",0.466436179500611,479.518072289157,0.473348273862843,-0.00691209436223217,NA,NA,NA,NA,NA,NA,NA,NA,NA
"653","165_1",0.469844595774402,503.614457831325,0.473348273873537,-0.00350367809913482,NA,NA,NA,NA,NA,NA,NA,NA,NA
"654","165_1",0.452383446830802,527.710843373494,0.473348273875921,-0.0209648270451187,NA,NA,NA,NA,NA,NA,NA,NA,NA
"655","165_1",0.448835341365462,551.807228915663,0.473348273876454,-0.0245129325109916,NA,NA,NA,NA,NA,NA,NA,NA,NA
"656","165_1",0.452247249869041,574.698795180723,0.473348273876567,-0.0211010240075263,NA,NA,NA,NA,NA,NA,NA,NA,NA
"657","165_1",0.44695652173913,600,0.473348273876596,-0.0263917521374658,NA,NA,NA,NA,NA,NA,NA,NA,NA
"658","165_1",0.438194517199232,622.89156626506,0.473348273876603,-0.0351537566773708,NA,NA,NA,NA,NA,NA,NA,NA,NA
"659","165_1",0.431168150864327,646.987951807229,0.473348273876603,-0.0421801230122758,NA,NA,NA,NA,NA,NA,NA,NA,NA
"660","165_1",0.420663523659857,671.084337349398,0.473348273876603,-0.0526847502167458,NA,NA,NA,NA,NA,NA,NA,NA,NA
"661","166_1",NA,NA,NA,NA,NA,NA,NA,NA,NA,NA,NA,NA,NA
"662","167_1",0.00531914893617014,1.57145250460712,0.0108760721387798,-0.00555692320260966,NA,NA,NA,NA,NA,NA,NA,NA,NA
"663","167_1",0.0132978723404256,4.34201708828948,0.01912016162826,-0.00582228928783444,NA,NA,NA,NA,NA,NA,NA,NA,NA
"664","167_1",0.029255319148936,7.67842184620537,0.0305885855148366,-0.0013332663659006,NA,NA,NA,NA,NA,NA,NA,NA,NA
"665","167_1",0.0611702127659572,13.5244597084939,0.0551939007155793,0.00597631205037791,NA,NA,NA,NA,NA,NA,NA,NA,NA
"666","167_1",0.106382978723404,20.9566091472608,0.095456816610293,0.010926162113111,NA,NA,NA,NA,NA,NA,NA,NA,NA
"667","167_1",0.167553191489362,30.3472105880382,0.159797321808222,0.00775586968114031,NA,NA,NA,NA,NA,NA,NA,NA,NA
"668","167_1",0.231382978723404,40.3857430055286,0.238098991803683,-0.00671601308027855,NA,NA,NA,NA,NA,NA,NA,NA,NA
"669","167_1",0.308510638297872,52.2859775506785,0.325765915101397,-0.0172552768035248,NA,NA,NA,NA,NA,NA,NA,NA,NA
"670","167_1",0.420212765957447,68.7510470765622,0.410132230890687,0.0100805350667598,NA,NA,NA,NA,NA,NA,NA,NA,NA
"671","167_1",0.49468085106383,141.184453007204,0.478109524008359,0.0165713270554707,NA,NA,NA,NA,NA,NA,NA,NA,NA
"672","167_1",0.335106382978723,142.820405428045,0.478198400841659,-0.143092017862936,NA,NA,NA,NA,NA,NA,NA,NA,NA
"673","167_1",0.683510638297873,143.368654716033,0.478226249995275,0.205284388302598,NA,NA,NA,NA,NA,NA,NA,NA,NA
"674","167_1",0.856382978723404,143.869994974032,0.478250911181771,0.378132067541633,NA,NA,NA,NA,NA,NA,NA,NA,NA
"675","167_1",0.260638297872341,156.371251465907,0.478674015640183,-0.218035717767842,NA,NA,NA,NA,NA,NA,NA,NA,NA
"676","167_1",0.242021276595745,177.74124643994,0.478942175846086,-0.236920899250341,NA,NA,NA,NA,NA,NA,NA,NA,NA
"677","168_1",0.0132938055858949,1.64705882352941,0.0192327161501474,-0.00593891056425253,NA,NA,NA,NA,NA,NA,NA,NA,NA
"678","168_1",0.0292453320850887,3.56862745098039,0.0277880271031291,0.00145730498195959,NA,NA,NA,NA,NA,NA,NA,NA,NA
"679","168_1",0.0584542570343789,5.21568627450981,0.0562728711283331,0.00218138590604576,NA,NA,NA,NA,NA,NA,NA,NA,NA
"680","168_1",0.106220419202164,6.31372549019608,0.103149699304586,0.00307071989757811,NA,NA,NA,NA,NA,NA,NA,NA,NA
"681","168_1",0.167243979820045,7.13725490196079,0.160594991521507,0.00664898829853797,NA,NA,NA,NA,NA,NA,NA,NA,NA
"682","168_1",0.230920060331825,7.96078431372549,0.234235729357573,-0.00331566902574831,NA,NA,NA,NA,NA,NA,NA,NA,NA
"683","168_1",0.307863941332501,9.05882352941177,0.334422450267062,-0.0265585089345609,NA,NA,NA,NA,NA,NA,NA,NA,NA
"684","168_1",0.421937899828366,9.88235294117648,0.392734761840039,0.0292031379883272,NA,NA,NA,NA,NA,NA,NA,NA,NA
"685","168_1",0.854569095542726,24.156862745098,0.481053216759081,0.373515878783645,NA,NA,NA,NA,NA,NA,NA,NA,NA
"686","168_1",0.68525511000156,47.7647058823529,0.481054080778662,0.204201029222898,NA,NA,NA,NA,NA,NA,NA,NA,NA
"687","168_1",0.492078847454101,71.921568627451,0.481054080778662,0.0110247666754387,NA,NA,NA,NA,NA,NA,NA,NA,NA
"688","168_1",0.338690383315129,96.078431372549,0.481054080778662,-0.142363697463533,NA,NA,NA,NA,NA,NA,NA,NA,NA
"689","168_1",0.262219795079836,119.960784313725,0.481054080778662,-0.218834285698826,NA,NA,NA,NA,NA,NA,NA,NA,NA
"690","168_1",0.246762365423623,144.117647058824,0.481054080778662,-0.234291715355039,NA,NA,NA,NA,NA,NA,NA,NA,NA
"691","169_1",0.0103649380129213,24.0963855421687,0.0176819822771296,-0.00731704426420826,NA,NA,NA,NA,NA,NA,NA,NA,NA
"692","169_1",0.0224724986904139,46.9879518072289,0.0208247141941784,0.00164778449623554,NA,NA,NA,NA,NA,NA,NA,NA,NA
"693","169_1",0.0432687270822422,72.289156626506,0.0388369209427393,0.00443180613950288,NA,NA,NA,NA,NA,NA,NA,NA,NA
"694","169_1",0.109289331237996,95.1807228915663,0.106695654929172,0.00259367630882432,NA,NA,NA,NA,NA,NA,NA,NA,NA
"695","169_1",0.270958617077004,119.277108433735,0.2689169448028,0.0020416722742041,NA,NA,NA,NA,NA,NA,NA,NA,NA
"696","169_1",0.376975729002968,143.373493975904,0.399094995572801,-0.0221192665698332,NA,NA,NA,NA,NA,NA,NA,NA,NA
"697","169_1",0.463862406146324,167.469879518072,0.440310698127666,0.0235517080186584,NA,NA,NA,NA,NA,NA,NA,NA,NA
"698","169_1",0.555966474594028,191.566265060241,0.449061146053472,0.106905328540556,NA,NA,NA,NA,NA,NA,NA,NA,NA
"699","169_1",0.555896629998254,215.66265060241,0.450742307399888,0.105154322598366,NA,NA,NA,NA,NA,NA,NA,NA,NA
"700","169_1",0.559305046272045,239.759036144578,0.451058892604758,0.108246153667287,NA,NA,NA,NA,NA,NA,NA,NA,NA
"701","169_1",0.564452592980618,263.855421686747,0.451118283488373,0.113334309492245,NA,NA,NA,NA,NA,NA,NA,NA,NA
"702","169_1",0.564382748384844,287.951807228916,0.451129417163145,0.113253331221699,NA,NA,NA,NA,NA,NA,NA,NA,NA
"703","169_1",0.553878121180374,312.048192771084,0.451131504050766,0.102746617129608,NA,NA,NA,NA,NA,NA,NA,NA,NA
"704","169_1",0.546855247075258,334.939759036145,0.451131887326888,0.0957233597483703,NA,NA,NA,NA,NA,NA,NA,NA,NA
"705","169_1",0.527654967696874,359.036144578313,0.451131967044432,0.0765230006524418,NA,NA,NA,NA,NA,NA,NA,NA,NA
"706","169_1",0.522367731796752,383.132530120482,0.451131981986169,0.071235749810583,NA,NA,NA,NA,NA,NA,NA,NA,NA
"707","169_1",0.510120481927711,408.433734939759,0.451131984838629,0.0589884970890824,NA,NA,NA,NA,NA,NA,NA,NA,NA
"708","169_1",0.496141086083464,431.325301204819,0.451131985311672,0.0450091007717916,NA,NA,NA,NA,NA,NA,NA,NA,NA
"709","169_1",0.485636458878994,455.421686746988,0.451131985410061,0.0345044734689327,NA,NA,NA,NA,NA,NA,NA,NA,NA
"710","169_1",0.457740527326698,479.518072289157,0.451131985428503,0.0066085418981946,NA,NA,NA,NA,NA,NA,NA,NA,NA
"711","169_1",0.443757639252663,503.614457831325,0.451131985431957,-0.00737434617929367,NA,NA,NA,NA,NA,NA,NA,NA,NA
"712","169_1",0.410647808625808,526.506024096385,0.451131985432593,-0.0404841768067846,NA,NA,NA,NA,NA,NA,NA,NA,NA
"713","169_1",0.386226645713288,551.807228915663,0.451131985432728,-0.0649053397194396,NA,NA,NA,NA,NA,NA,NA,NA,NA
"714","169_1",0.386223153483499,553.012048192771,0.451131985432731,-0.0649088319492321,NA,NA,NA,NA,NA,NA,NA,NA,NA
"715","169_1",0.360073336825563,574.698795180723,0.451131985432749,-0.0910586486071859,NA,NA,NA,NA,NA,NA,NA,NA,NA
"716","169_1",0.330434782608696,600,0.451131985432752,-0.120697202824056,NA,NA,NA,NA,NA,NA,NA,NA,NA
"717","169_1",0.330431290378907,601.204819277108,0.451131985432752,-0.120700695053845,NA,NA,NA,NA,NA,NA,NA,NA,NA
"718","169_1",0.302542343286188,622.89156626506,0.451131985432752,-0.148589642146564,NA,NA,NA,NA,NA,NA,NA,NA,NA
"719","169_1",0.271168150864327,646.987951807229,0.451131985432752,-0.179963834568425,NA,NA,NA,NA,NA,NA,NA,NA,NA
"720","169_1",0.246750480181596,671.084337349398,0.451131985432752,-0.204381505251156,NA,NA,NA,NA,NA,NA,NA,NA,NA
"721","17_1",NA,NA,NA,NA,NA,NA,NA,NA,NA,NA,NA,NA,NA
"722","170_1",0.00519643252008573,7.38065403798433,0.00466937554405279,0.000527056976032941,NA,NA,NA,NA,NA,NA,NA,NA,NA
"723","170_1",0.0129542271688656,23.9944964497187,0.0135094795338662,-0.00055525236500064,NA,NA,NA,NA,NA,NA,NA,NA,NA
"724","170_1",0.464785877496868,46.2543917839857,0.464571431522478,0.000214445974389521,NA,NA,NA,NA,NA,NA,NA,NA,NA
"725","170_1",0.477776958797082,69.3250780079114,0.512212075847851,-0.0344351170507686,NA,NA,NA,NA,NA,NA,NA,NA,NA
"726","170_1",0.472433109751604,71.1825262278568,0.512243318350118,-0.0398102085985136,NA,NA,NA,NA,NA,NA,NA,NA,NA
"727","170_1",0.599788702980272,94.0419154320533,0.512288348866722,0.0875003541135499,NA,NA,NA,NA,NA,NA,NA,NA,NA
"728","170_1",0.636704257880642,117.992186924154,0.512288418073869,0.124415839806773,NA,NA,NA,NA,NA,NA,NA,NA,NA
"729","170_1",0.601797253138744,142.998943514901,0.512288418151932,0.0895088349868115,NA,NA,NA,NA,NA,NA,NA,NA,NA
"730","170_1",0.60678484558119,167.931991842952,0.512288418151996,0.0944964274291935,NA,NA,NA,NA,NA,NA,NA,NA,NA
"731","170_1",0.585212894032089,190.142748335422,0.512288418151996,0.0729244758800925,NA,NA,NA,NA,NA,NA,NA,NA,NA
"732","170_1",0.563604088351639,215.12493550527,0.512288418151996,0.0513156701996426,NA,NA,NA,NA,NA,NA,NA,NA,NA
"733","170_1",0.547326847006217,239.173484680966,0.512288418151996,0.0350384288542206,NA,NA,NA,NA,NA,NA,NA,NA,NA
"734","170_1",0.517751406599348,263.246603277561,0.512288418151989,0.00546298844735871,NA,NA,NA,NA,NA,NA,NA,NA,NA
"735","170_1",0.496179455050245,285.45735977003,0.512288418151982,-0.0161089631017372,NA,NA,NA,NA,NA,NA,NA,NA,NA
"736","170_1",0.498826810152085,286.376256111643,0.512288418151982,-0.0134616079998972,NA,NA,NA,NA,NA,NA,NA,NA,NA
"737","170_1",0.487856563720794,311.338787744773,0.512288418151996,-0.0244318544312024,NA,NA,NA,NA,NA,NA,NA,NA,NA
"738","170_1",0.474251246898111,334.458612810496,0.512288418151982,-0.0380371712538712,NA,NA,NA,NA,NA,NA,NA,NA,NA
"739","170_1",0.473919559715978,359.401488906907,0.512288418151996,-0.0383688584360184,NA,NA,NA,NA,NA,NA,NA,NA,NA
"740","170_1",0.465621237807426,383.435296430063,0.512288418151982,-0.0466671803445562,NA,NA,NA,NA,NA,NA,NA,NA,NA
"741","170_1",0.441365077025136,407.498587258299,0.512288418151996,-0.0709233411268604,NA,NA,NA,NA,NA,NA,NA,NA,NA
"742","170_1",0.433079039827033,430.608584555662,0.512288418151982,-0.0792093783249492,NA,NA,NA,NA,NA,NA,NA,NA,NA
"743","170_1",0.43008771283261,455.556374536252,0.512288418151982,-0.0822007053193722,NA,NA,NA,NA,NA,NA,NA,NA,NA
"744","170_1",0.435087589985506,479.56561263851,0.512288418151982,-0.0772008281664762,NA,NA,NA,NA,NA,NA,NA,NA,NA
"745","171_1",0.00265957446808462,0.274124643993968,0.00288008429547947,-0.000220509827394847,NA,NA,NA,NA,NA,NA,NA,NA,NA
"746","171_1",0.00265957446808507,1.10089629753728,0.00288008429589388,-0.000220509827808805,NA,NA,NA,NA,NA,NA,NA,NA,NA
"747","171_1",0.00265957446808507,1.92766795108058,0.00288008429657822,-0.000220509828493153,NA,NA,NA,NA,NA,NA,NA,NA,NA
"748","171_1",0.00265957446808507,3.3056207069861,0.00288008429884508,-0.00022050983076001,NA,NA,NA,NA,NA,NA,NA,NA,NA
"749","171_1",0.00265957446808507,4.95916401407272,0.00288008430574945,-0.000220509837664379,NA,NA,NA,NA,NA,NA,NA,NA,NA
"750","171_1",0.00265957446808507,5.78593566761603,0.00288008431284681,-0.000220509844761741,NA,NA,NA,NA,NA,NA,NA,NA,NA
"751","171_1",0.00265957446808507,6.88829787234043,0.00288008432996773,-0.000220509861882663,NA,NA,NA,NA,NA,NA,NA,NA,NA
"752","171_1",0.00265957446808507,7.71506952588374,0.0028800843528254,-0.00022050988474033,NA,NA,NA,NA,NA,NA,NA,NA,NA
"753","171_1",0.00265957446808507,8.26625062824595,0.00288008437583024,-0.000220509907745165,NA,NA,NA,NA,NA,NA,NA,NA,NA
"754","171_1",0.00265957446808507,9.09302228178925,0.00288008442853237,-0.000220509960447304,NA,NA,NA,NA,NA,NA,NA,NA,NA
"755","171_1",0.00265957446808507,9.91979393533256,0.00288008451553054,-0.000220510047445474,NA,NA,NA,NA,NA,NA,NA,NA,NA
"756","171_1",0.00531914893617058,23.9741790919752,0.00288119125044683,0.00243795768572375,NA,NA,NA,NA,NA,NA,NA,NA,NA
"757","171_1",0.460106382978723,47.8252219802312,0.460098164386226,8.21859249716672e-06,NA,NA,NA,NA,NA,NA,NA,NA,NA
"758","171_1",0.648936170212766,71.7495602278439,0.590425450909709,0.0585107193030566,NA,NA,NA,NA,NA,NA,NA,NA,NA
"759","171_1",0.710106382978723,95.7090802479477,0.590425535577747,0.119680847400976,NA,NA,NA,NA,NA,NA,NA,NA,NA
"760","171_1",0.534574468085106,119.733833137879,0.590425535577793,-0.0558510674926874,NA,NA,NA,NA,NA,NA,NA,NA,NA
"761","171_1",0.468085106382979,143.728534930474,0.590425535577793,-0.122340429194814,NA,NA,NA,NA,NA,NA,NA,NA,NA
"762","172_1",0.0187165775401066,0.282976827094444,0.0494718868655913,-0.0307553093254847,NA,NA,NA,NA,NA,NA,NA,NA,NA
"763","172_1",0.0320855614973259,1.67557932263813,0.0494802443065027,-0.0173946828091768,NA,NA,NA,NA,NA,NA,NA,NA,NA
"764","172_1",0.0454545454545452,2.51262626262624,0.0495043307759596,-0.00404978532141437,NA,NA,NA,NA,NA,NA,NA,NA,NA
"765","172_1",0.0614973262032081,3.62819370172312,0.0496510347129804,0.0118462914902277,NA,NA,NA,NA,NA,NA,NA,NA,NA
"766","172_1",0.0721925133689836,5.02005347593581,0.0509293071758562,0.0212632061931274,NA,NA,NA,NA,NA,NA,NA,NA,NA
"767","172_1",0.082887700534759,6.13413547237076,0.0570501418147012,0.0258375587200578,NA,NA,NA,NA,NA,NA,NA,NA,NA
"768","172_1",0.106951871657754,7.80748663101602,0.115889407168379,-0.00893753551062454,NA,NA,NA,NA,NA,NA,NA,NA,NA
"769","172_1",0.133689839572192,8.09269162210339,0.13653638445395,-0.00284654488175801,NA,NA,NA,NA,NA,NA,NA,NA,NA
"770","172_1",0.205882352941176,8.94607843137254,0.19940605981221,0.00647629312896572,NA,NA,NA,NA,NA,NA,NA,NA,NA
"771","172_1",0.254010695187165,10.3483363042187,0.247514297685727,0.00649639750143804,NA,NA,NA,NA,NA,NA,NA,NA,NA
"772","172_1",0.323529411764706,24.2565359477124,0.256670207618381,0.0668592041463251,NA,NA,NA,NA,NA,NA,NA,NA,NA
"773","172_1",0.326203208556149,48.42394533571,0.256670207626009,0.0695330009301404,NA,NA,NA,NA,NA,NA,NA,NA,NA
"774","172_1",0.366310160427807,72.0461972667854,0.256670207626016,0.109639952801791,NA,NA,NA,NA,NA,NA,NA,NA,NA
"775","172_1",0.355614973262032,96.2098930481283,0.256670207626001,0.0989447656360306,NA,NA,NA,NA,NA,NA,NA,NA,NA
"776","172_1",0.0802139037433147,120.300059417707,0.256670207626001,-0.176456303882687,NA,NA,NA,NA,NA,NA,NA,NA,NA
"777","172_1",0.0802139037433152,143.911170528817,0.256670207626001,-0.176456303882686,NA,NA,NA,NA,NA,NA,NA,NA,NA
"778","173_1",0.00347826086956515,1.18037366858741,0.00337879574126097,9.94651283041811e-05,NA,NA,NA,NA,NA,NA,NA,NA,NA
"779","173_1",0.00347826086956537,25.2767592107561,0.00338166689689529,9.65939726700837e-05,NA,NA,NA,NA,NA,NA,NA,NA,NA
"780","173_1",0.00347826086956537,71.0598917408765,0.00339066237811509,8.75984914502775e-05,NA,NA,NA,NA,NA,NA,NA,NA,NA
"781","173_1",0.00347826086956537,97.5659158372621,0.00339919169686246,7.90691727029095e-05,NA,NA,NA,NA,NA,NA,NA,NA,NA
"782","173_1",0.00347826086956537,119.252662825214,0.00340894142790697,6.93194416584004e-05,NA,NA,NA,NA,NA,NA,NA,NA,NA
"783","173_1",0.00347826086956537,143.349048367382,0.00342386336917818,5.43975003871903e-05,NA,NA,NA,NA,NA,NA,NA,NA,NA
"784","173_1",0.00347826086956537,169.855072463768,0.00344724335206735,3.10175174980218e-05,NA,NA,NA,NA,NA,NA,NA,NA,NA
"785","173_1",0.00347826086956537,191.54181945172,0.00347395297134912,4.30789821624688e-06,NA,NA,NA,NA,NA,NA,NA,NA,NA
"786","173_1",0.00347826086956537,213.228566439672,0.0035100721973315,-3.18113277661346e-05,NA,NA,NA,NA,NA,NA,NA,NA,NA
"787","173_1",0.00695652173913053,239.72760607648,0.00357187080393556,0.00338465093519497,NA,NA,NA,NA,NA,NA,NA,NA,NA
"788","173_1",0.00347826086956537,263.830976078226,0.00365162731094476,-0.000173366441379395,NA,NA,NA,NA,NA,NA,NA,NA,NA
"789","173_1",0.00347826086956537,287.927361620394,0.00376288199386142,-0.000284621124296053,NA,NA,NA,NA,NA,NA,NA,NA,NA
"790","173_1",0.00347826086956537,312.023747162563,0.0039178945243648,-0.000439633654799435,NA,NA,NA,NA,NA,NA,NA,NA,NA
"791","173_1",0.0034782608695656,336.120132704732,0.00413345347572635,-0.000655192606160746,NA,NA,NA,NA,NA,NA,NA,NA,NA
"792","173_1",0.0034782608695656,357.806879692684,0.00439794363043902,-0.000919682760873418,NA,NA,NA,NA,NA,NA,NA,NA,NA
"793","173_1",0.0034782608695656,384.312903789069,0.00484541042361081,-0.00136714955404521,NA,NA,NA,NA,NA,NA,NA,NA,NA
"794","173_1",0.0034782608695656,408.409289331238,0.00541307365586009,-0.00193481278629449,NA,NA,NA,NA,NA,NA,NA,NA,NA
"795","173_1",0.00521739130434806,431.297363366509,0.00614300354933301,-0.000925612244984951,NA,NA,NA,NA,NA,NA,NA,NA,NA
"796","173_1",0.00695652173913075,456.595075955998,0.00723428943409284,-0.000277767694962086,NA,NA,NA,NA,NA,NA,NA,NA,NA
"797","173_1",0.0104347826086959,480.684477038589,0.00863007414456485,0.00180470846413105,NA,NA,NA,NA,NA,NA,NA,NA,NA
"798","173_1",0.0139130434782613,504.77387812118,0.0104593985979309,0.00345364488033042,NA,NA,NA,NA,NA,NA,NA,NA,NA
"799","173_1",0.0104347826086959,526.467609568709,0.0125448115793921,-0.00211002897069618,NA,NA,NA,NA,NA,NA,NA,NA,NA
"800","173_1",0.0173913043478264,550.550026191723,0.0154012485242509,0.00199005582357547,NA,NA,NA,NA,NA,NA,NA,NA,NA
"801","173_1",0.0173913043478264,574.646411733892,0.0188446287552819,-0.00145332440745547,NA,NA,NA,NA,NA,NA,NA,NA,NA
"802","173_1",0.0208695652173916,601.1454513707,0.0232416756939157,-0.00237211047652412,NA,NA,NA,NA,NA,NA,NA,NA,NA
"803","173_1",0.029565217391305,624.019556486817,0.0274128506189867,0.00215236677231832,NA,NA,NA,NA,NA,NA,NA,NA,NA
"804","173_1",0.031304347826087,646.907630522088,0.0317417249223773,-0.000437377096290256,NA,NA,NA,NA,NA,NA,NA,NA,NA
"805","173_1",0.0365217391304353,672.198358651999,0.0364464513429311,7.52877875041802e-05,NA,NA,NA,NA,NA,NA,NA,NA,NA
"806","174_1",NA,NA,NA,NA,NA,NA,NA,NA,NA,NA,NA,NA,NA
"807","175_1",NA,NA,NA,NA,NA,NA,NA,NA,NA,NA,NA,NA,NA
"808","176_1",NA,NA,NA,NA,NA,NA,NA,NA,NA,NA,NA,NA,NA
"809","18_1",NA,NA,NA,NA,NA,NA,NA,NA,NA,NA,NA,NA,NA
"810","180_1",NA,NA,NA,NA,NA,NA,NA,NA,NA,NA,NA,NA,NA
"811","181_1",NA,NA,NA,NA,NA,NA,NA,NA,NA,NA,NA,NA,NA
"812","182_1",NA,NA,NA,NA,NA,NA,NA,NA,NA,NA,NA,NA,NA
"813","183_1",NA,NA,NA,NA,NA,NA,NA,NA,NA,NA,NA,NA,NA
"814","184_1",NA,NA,NA,NA,NA,NA,NA,NA,NA,NA,NA,NA,NA
"815","185_1",NA,NA,NA,NA,NA,NA,NA,NA,NA,NA,NA,NA,NA
"816","186_1",NA,NA,NA,NA,NA,NA,NA,NA,NA,NA,NA,NA,NA
"817","187_1",NA,NA,NA,NA,NA,NA,NA,NA,NA,NA,NA,NA,NA
"818","188_1",NA,NA,NA,NA,NA,NA,NA,NA,NA,NA,NA,NA,NA
"819","189_1",NA,NA,NA,NA,NA,NA,NA,NA,NA,NA,NA,NA,NA
"820","19_1",NA,NA,NA,NA,NA,NA,NA,NA,NA,NA,NA,NA,NA
"821","190_1",NA,NA,NA,NA,NA,NA,NA,NA,NA,NA,NA,NA,NA
"822","191_1",NA,NA,NA,NA,NA,NA,NA,NA,NA,NA,NA,NA,NA
"823","192_1",NA,NA,NA,NA,NA,NA,NA,NA,NA,NA,NA,NA,NA
"824","193_1",NA,NA,NA,NA,NA,NA,NA,NA,NA,NA,NA,NA,NA
"825","194_1",NA,NA,NA,NA,NA,NA,NA,NA,NA,NA,NA,NA,NA
"826","195_1",NA,NA,NA,NA,NA,NA,NA,NA,NA,NA,NA,NA,NA
"827","196_1",1.03381421721742,73.3621425522834,1.65842835183695,-0.624614134619527,NA,NA,NA,NA,NA,NA,NA,NA,NA
"828","196_1",2.28304164150316,148.281354795439,1.65842835183695,0.624613289666213,NA,NA,NA,NA,NA,NA,NA,NA,NA
"829","196_1",31.7081190630695,224.394599922769,31.7058829735556,0.00223608951391441,NA,NA,NA,NA,NA,NA,NA,NA,NA
"830","196_1",138.863276652933,298.856522976241,136.873072941808,1.99020371112545,NA,NA,NA,NA,NA,NA,NA,NA,NA
"831","196_1",138.863276652931,373.712222831941,136.873074035924,1.99020261700684,NA,NA,NA,NA,NA,NA,NA,NA,NA
"832","196_1",167.222803104002,448.23765827287,136.873074035924,30.3497290680778,NA,NA,NA,NA,NA,NA,NA,NA,NA
"833","196_1",102.542945379237,522.324858240351,136.873074035924,-34.3301286566872,NA,NA,NA,NA,NA,NA,NA,NA,NA
"834","197_1",NA,NA,NA,NA,NA,NA,NA,NA,NA,NA,NA,NA,NA
"835","198_1",0.00540723633564255,1.84757505773666,0.0135456138484939,-0.00813837751285135,NA,NA,NA,NA,NA,NA,NA,NA,NA
"836","198_1",0.0108637413394919,6.4665127020786,0.0142375915144163,-0.00337385017492436,NA,NA,NA,NA,NA,NA,NA,NA,NA
"837","198_1",0.0189376443418012,9.23787528868365,0.0149107681508652,0.00402687619093595,NA,NA,NA,NA,NA,NA,NA,NA,NA
"838","198_1",0.0353071593533485,23.0946882217088,0.0260971662922031,0.00920999306114539,NA,NA,NA,NA,NA,NA,NA,NA,NA
"839","198_1",0.137280985373364,47.1131639722862,0.141897198927461,-0.00461621355409667,NA,NA,NA,NA,NA,NA,NA,NA,NA
"840","198_1",0.228588144726713,71.1316397228637,0.207113353308892,0.021474791417821,NA,NA,NA,NA,NA,NA,NA,NA,NA
"841","198_1",0.277228637413395,95.1501154734412,0.210983116261632,0.066245521151763,NA,NA,NA,NA,NA,NA,NA,NA,NA
"842","198_1",0.29920246343341,119.168591224018,0.211135650763081,0.0880668126703287,NA,NA,NA,NA,NA,NA,NA,NA,NA
"843","198_1",0.299842956120092,143.187066974596,0.211141545649646,0.0887014104704461,NA,NA,NA,NA,NA,NA,NA,NA,NA
"844","198_1",0.249816782140108,167.205542725173,0.211141773289441,0.038675008850667,NA,NA,NA,NA,NA,NA,NA,NA,NA
"845","198_1",0.239790608160123,191.224018475751,0.211141782079828,0.028648826080295,NA,NA,NA,NA,NA,NA,NA,NA,NA
"846","198_1",0.235097767513472,215.242494226328,0.211141782419269,0.0239559850942035,NA,NA,NA,NA,NA,NA,NA,NA,NA
"847","198_1",0.217071593533487,239.260969976905,0.211141782432378,0.00592981110110899,NA,NA,NA,NA,NA,NA,NA,NA,NA
"848","198_1",0.212378752886836,263.279445727483,0.211141782432883,0.00123697045395349,NA,NA,NA,NA,NA,NA,NA,NA,NA
"849","198_1",0.199685912240185,287.29792147806,0.211141782432904,-0.0114558701927188,NA,NA,NA,NA,NA,NA,NA,NA,NA
"850","198_1",0.194993071593533,311.316397228637,0.211141782432911,-0.0161487108393779,NA,NA,NA,NA,NA,NA,NA,NA,NA
"851","198_1",0.190300230946882,335.334872979215,0.211141782432911,-0.0208415514860289,NA,NA,NA,NA,NA,NA,NA,NA,NA
"852","198_1",0.185607390300231,359.353348729792,0.211141782432911,-0.0255343921326799,NA,NA,NA,NA,NA,NA,NA,NA,NA
"853","198_1",0.159581216320246,383.371824480369,0.211141782432911,-0.0515605661126649,NA,NA,NA,NA,NA,NA,NA,NA,NA
"854","198_1",0.160221709006928,407.390300230947,0.211141782432911,-0.0509200734259829,NA,NA,NA,NA,NA,NA,NA,NA,NA
"855","198_1",0.158195535026944,431.408775981524,0.211141782432911,-0.0529462474059669,NA,NA,NA,NA,NA,NA,NA,NA,NA
"856","198_1",0.150836027713626,455.427251732101,0.211141782432911,-0.0603057547192849,NA,NA,NA,NA,NA,NA,NA,NA,NA
"857","198_1",0.140809853733641,479.445727482679,0.211141782432911,-0.0703319286992699,NA,NA,NA,NA,NA,NA,NA,NA,NA
"858","199_1",0.0105996159862718,0.552268244575913,0.00795978464089961,0.00263983134537219,NA,NA,NA,NA,NA,NA,NA,NA,NA
"859","199_1",0.0185153213106692,2.76134122287959,0.0206254743312078,-0.00211015302053856,NA,NA,NA,NA,NA,NA,NA,NA,NA
"860","199_1",0.0290887783236284,4.69428007889542,0.0332318244928756,-0.00414304616924719,NA,NA,NA,NA,NA,NA,NA,NA,NA
"861","199_1",0.0396779307205752,5.79881656804727,0.0409934939806598,-0.00131556326008457,NA,NA,NA,NA,NA,NA,NA,NA,NA
"862","199_1",0.0555564275213327,7.73175542406307,0.0553366686863675,0.000219758834965202,NA,NA,NA,NA,NA,NA,NA,NA,NA
"863","199_1",0.0687980998121784,8.83629191321489,0.0638346785587641,0.00496342125341433,NA,NA,NA,NA,NA,NA,NA,NA,NA
"864","199_1",0.0767295005205635,10.2169625246548,0.0746000141831799,0.00212948633738359,NA,NA,NA,NA,NA,NA,NA,NA,NA
"865","199_1",0.150743699611278,23.7475345167652,0.157865167505386,-0.00712146789410814,NA,NA,NA,NA,NA,NA,NA,NA,NA
"866","199_1",0.219254050717018,47.7712031558184,0.188153077562064,0.0311009731549539,NA,NA,NA,NA,NA,NA,NA,NA,NA
"867","199_1",0.253281643202068,71.7948717948717,0.189518645188917,0.0637629980131509,NA,NA,NA,NA,NA,NA,NA,NA,NA
"868","199_1",0.218343718445739,95.818540433925,0.189572091933298,0.0287716265124406,NA,NA,NA,NA,NA,NA,NA,NA,NA
"869","199_1",0.140965475387022,119.842209072978,0.189574171402107,-0.0486086960150851,NA,NA,NA,NA,NA,NA,NA,NA,NA
"870","199_1",0.119284918305526,144.14201183432,0.189574252409827,-0.0702893341043007,NA,NA,NA,NA,NA,NA,NA,NA,NA
"871","2_1",0.0132625994694964,1.10087423288815,0.0162236993658237,-0.00296109989632733,NA,NA,NA,NA,NA,NA,NA,NA,NA
"872","2_1",0.0265251989389923,2.7540167103522,0.0263244605579144,0.00020073838107787,NA,NA,NA,NA,NA,NA,NA,NA,NA
"873","2_1",0.0371352785145893,3.85562339449305,0.0336934061645534,0.00344187235003587,NA,NA,NA,NA,NA,NA,NA,NA,NA
"874","2_1",0.0450928381962865,5.23409665217466,0.0433446928588119,0.00174814533747462,NA,NA,NA,NA,NA,NA,NA,NA,NA
"875","2_1",0.0557029177718835,6.33570333631548,0.0511546641088746,0.00454825366300885,NA,NA,NA,NA,NA,NA,NA,NA,NA
"876","2_1",0.0557029177718844,7.71637394775539,0.0607157231977671,-0.00501280542588268,NA,NA,NA,NA,NA,NA,NA,NA,NA
"877","2_1",0.0636604774535821,8.54257896086102,0.0661691386683404,-0.0025086612147583,NA,NA,NA,NA,NA,NA,NA,NA,NA
"878","2_1",0.0716180371352788,9.64491809625454,0.0729923279356909,-0.00137429080041208,NA,NA,NA,NA,NA,NA,NA,NA,NA
"879","2_1",0.119363395225465,23.7145742103914,0.109701750960318,0.00966164426514725,NA,NA,NA,NA,NA,NA,NA,NA,NA
"880","2_1",0.127320954907162,47.4599113733985,0.112410181734051,0.0149107731731114,NA,NA,NA,NA,NA,NA,NA,NA,NA
"881","2_1",0.143236074270558,71.7553194272231,0.112427602235682,0.030808472034876,NA,NA,NA,NA,NA,NA,NA,NA,NA
"882","2_1",0.129973474801062,95.506516200252,0.112427699705737,0.0175457750953248,NA,NA,NA,NA,NA,NA,NA,NA,NA
"883","2_1",0.0822281167108763,119.819503084143,0.112427700319046,-0.0301995836081694,NA,NA,NA,NA,NA,NA,NA,NA,NA
"884","2_1",0.0716180371352797,143.846101528207,0.112427700322467,-0.0408096631871873,NA,NA,NA,NA,NA,NA,NA,NA,NA
"885","20_1",NA,NA,NA,NA,NA,NA,NA,NA,NA,NA,NA,NA,NA
"886","200_1",0.00534759358288772,0.001485442661874,0.00209798877521881,0.00324960480766891,NA,NA,NA,NA,NA,NA,NA,NA,NA
"887","200_1",0.0106951871657754,0.836304218657119,0.00998044511870008,0.000714742047075325,NA,NA,NA,NA,NA,NA,NA,NA,NA
"888","200_1",0.0187165775401068,1.9496434937611,0.020508284882451,-0.00179170734234422,NA,NA,NA,NA,NA,NA,NA,NA,NA
"889","200_1",0.0240641711229943,2.78446226975635,0.0283692437462328,-0.00430507262323849,NA,NA,NA,NA,NA,NA,NA,NA,NA
"890","200_1",0.0374331550802132,3.89928698752226,0.0387577316076084,-0.00132457652739517,NA,NA,NA,NA,NA,NA,NA,NA,NA
"891","200_1",0.045454545454545,4.73484848484847,0.0464197131913805,-0.000965167736835498,NA,NA,NA,NA,NA,NA,NA,NA,NA
"892","200_1",0.0588235294117641,6.12745098039215,0.05886319866468,-3.96692529159373e-05,NA,NA,NA,NA,NA,NA,NA,NA,NA
"893","200_1",0.0695187165775395,6.9637551990493,0.0660950994148557,0.0034236171626838,NA,NA,NA,NA,NA,NA,NA,NA,NA
"894","200_1",0.0748663101604274,7.79857397504455,0.0731044804157878,0.00176182974463963,NA,NA,NA,NA,NA,NA,NA,NA,NA
"895","200_1",0.0802139037433152,8.91117052881759,0.082085680839399,-0.00187177709608384,NA,NA,NA,NA,NA,NA,NA,NA,NA
"896","200_1",0.0909090909090906,9.74747474747477,0.0885437912451053,0.00236529966398535,NA,NA,NA,NA,NA,NA,NA,NA,NA
"897","200_1",0.155080213903743,23.9319667260843,0.157316728410086,-0.00223651450634282,NA,NA,NA,NA,NA,NA,NA,NA,NA
"898","200_1",0.179144385026738,47.8275401069519,0.179703090666257,-0.000558705639518681,NA,NA,NA,NA,NA,NA,NA,NA,NA
"899","200_1",0.192513368983957,71.7201426024956,0.181336366865565,0.0111770021183925,NA,NA,NA,NA,NA,NA,NA,NA,NA
"900","200_1",0.192513368983957,95.8868092691622,0.181447815944239,0.0110655530397182,NA,NA,NA,NA,NA,NA,NA,NA,NA
"901","200_1",0.17379679144385,119.770499108734,0.181455120767696,-0.007658329323846,NA,NA,NA,NA,NA,NA,NA,NA,NA
"902","200_1",0.168449197860962,144.213458110517,0.181455618231237,-0.0130064203702746,NA,NA,NA,NA,NA,NA,NA,NA,NA
"903","201_1",0.0105571847507333,24.3407707910749,0.0206800072277018,-0.0101228224769685,NA,NA,NA,NA,NA,NA,NA,NA,NA
"904","201_1",0.0246334310850441,47.464503042596,0.0263913394637306,-0.00175790837868654,NA,NA,NA,NA,NA,NA,NA,NA,NA
"905","201_1",0.0439882697947215,70.5882352941173,0.0386504040369177,0.00533786575780381,NA,NA,NA,NA,NA,NA,NA,NA,NA
"906","201_1",0.0756598240469208,94.9290060851922,0.0641867708661779,0.0114730531807429,NA,NA,NA,NA,NA,NA,NA,NA,NA
"907","201_1",0.112609970674487,119.269776876268,0.106082877380678,0.00652709329380899,NA,NA,NA,NA,NA,NA,NA,NA,NA
"908","201_1",0.144281524926686,143.610547667343,0.15619016070892,-0.0119086357822342,NA,NA,NA,NA,NA,NA,NA,NA,NA
"909","201_1",0.177712609970674,166.734279918864,0.195995082390815,-0.0182824724201407,NA,NA,NA,NA,NA,NA,NA,NA,NA
"910","201_1",0.221700879765396,191.075050709939,0.22189504224123,-0.000194162475834037,NA,NA,NA,NA,NA,NA,NA,NA,NA
"911","201_1",0.258651026392962,215.415821501014,0.234805062515445,0.023845963877517,NA,NA,NA,NA,NA,NA,NA,NA,NA
"912","201_1",0.283284457478006,238.539553752535,0.240389061507845,0.0428953959701606,NA,NA,NA,NA,NA,NA,NA,NA,NA
"913","201_1",0.281524926686217,262.88032454361,0.242951842218869,0.0385730844673484,NA,NA,NA,NA,NA,NA,NA,NA,NA
"914","201_1",0.270967741935484,286.004056795132,0.24398492045029,0.0269828214851936,NA,NA,NA,NA,NA,NA,NA,NA,NA
"915","201_1",0.270967741935484,311.56186612576,0.244458932707549,0.0265088092279347,NA,NA,NA,NA,NA,NA,NA,NA,NA
"916","201_1",0.260410557184751,334.685598377282,0.24463398903239,0.0157765681523613,NA,NA,NA,NA,NA,NA,NA,NA,NA
"917","201_1",0.265689149560117,359.026369168357,0.244711519022285,0.0209776305378317,NA,NA,NA,NA,NA,NA,NA,NA,NA
"918","201_1",0.255131964809384,382.150101419878,0.244742291199824,0.0103896736095602,NA,NA,NA,NA,NA,NA,NA,NA,NA
"919","201_1",0.251612903225807,406.490872210953,0.244755907291612,0.00685699593419486,NA,NA,NA,NA,NA,NA,NA,NA,NA
"920","201_1",0.251612903225806,430.831643002028,0.244761486160664,0.00685141706514181,NA,NA,NA,NA,NA,NA,NA,NA,NA
"921","201_1",0.241055718475073,453.955375253549,0.244763699473451,-0.00370798099837755,NA,NA,NA,NA,NA,NA,NA,NA,NA
"922","201_1",0.234017595307918,478.296146044625,0.244764678644144,-0.0107470833362255,NA,NA,NA,NA,NA,NA,NA,NA,NA
"923","201_1",0.237536656891496,502.636916835699,0.244765079804589,-0.00722842291309284,NA,NA,NA,NA,NA,NA,NA,NA,NA
"924","201_1",0.241055718475073,526.977687626774,0.244765244157065,-0.00370952568199234,NA,NA,NA,NA,NA,NA,NA,NA,NA
"925","201_1",0.225219941348974,550.101419878296,0.244765309358693,-0.0195453680097186,NA,NA,NA,NA,NA,NA,NA,NA,NA
"926","201_1",0.228739002932551,573.225152129817,0.244765337290101,-0.0160263343575499,NA,NA,NA,NA,NA,NA,NA,NA,NA
"927","201_1",0.214662756598241,598.782961460446,0.244765350021023,-0.030102593422782,NA,NA,NA,NA,NA,NA,NA,NA,NA
"928","201_1",0.211143695014663,621.906693711968,0.244765354709234,-0.0336216596945706,NA,NA,NA,NA,NA,NA,NA,NA,NA
"929","201_1",0.209384164222874,646.247464503042,0.244765356783272,-0.0353811925603984,NA,NA,NA,NA,NA,NA,NA,NA,NA
"930","201_1",0.204105571847507,670.588235294117,0.244765357632989,-0.0406597857854821,NA,NA,NA,NA,NA,NA,NA,NA,NA
"931","202_1",0.00804926866820632,0.923787528868274,0.0113002328734794,-0.00325096420527306,NA,NA,NA,NA,NA,NA,NA,NA,NA
"932","202_1",0.024172440338722,5.54272517321021,0.0219874154357139,0.00218502490300812,NA,NA,NA,NA,NA,NA,NA,NA,NA
"933","202_1",0.040320246343341,11.0854503464203,0.0372057104498597,0.00311453589348135,NA,NA,NA,NA,NA,NA,NA,NA,NA
"934","202_1",0.0753071593533483,23.0946882217089,0.0785244002254488,-0.00321724087210053,NA,NA,NA,NA,NA,NA,NA,NA,NA
"935","202_1",0.179972286374134,48.0369515011547,0.17438108745615,0.00559119891798424,NA,NA,NA,NA,NA,NA,NA,NA,NA
"936","202_1",0.215279445727482,72.0554272517319,0.230010639137873,-0.0147311934103909,NA,NA,NA,NA,NA,NA,NA,NA,NA
"937","202_1",0.255919938414165,96.0739030023095,0.25010025170975,0.00581968670441485,NA,NA,NA,NA,NA,NA,NA,NA,NA
"938","202_1",0.283227097767513,120.092378752887,0.255938856028085,0.0272882417394277,NA,NA,NA,NA,NA,NA,NA,NA,NA
"939","202_1",0.286509622786759,143.187066974596,0.257493641411864,0.0290159813748948,NA,NA,NA,NA,NA,NA,NA,NA,NA
"940","202_1",0.255174749807544,168.129330254042,0.257945810580611,-0.00277106077306694,NA,NA,NA,NA,NA,NA,NA,NA,NA
"941","202_1",0.25314857582756,192.147806004619,0.258057656134811,-0.00490908030725135,NA,NA,NA,NA,NA,NA,NA,NA,NA
"942","202_1",0.248455735180908,216.166281755196,0.258087252403538,-0.00963151722262981,NA,NA,NA,NA,NA,NA,NA,NA,NA
"943","202_1",0.262429561200924,240.184757505774,0.258095081280457,0.00433447992046698,NA,NA,NA,NA,NA,NA,NA,NA,NA
"944","202_1",0.265736720554273,264.203233256351,0.258097151997552,0.00763956855672132,NA,NA,NA,NA,NA,NA,NA,NA,NA
"945","202_1",0.271685912240185,287.29792147806,0.258097689346585,0.0135882228936005,NA,NA,NA,NA,NA,NA,NA,NA,NA
"946","202_1",0.28035103926097,312.240184757506,0.2580978445397,0.0222531947212702,NA,NA,NA,NA,NA,NA,NA,NA,NA
"947","202_1",0.267658198614319,336.258660508083,0.258097882852635,0.0095603157616842,NA,NA,NA,NA,NA,NA,NA,NA,NA
"948","202_1",0.254965357967667,360.27713625866,0.258097892985962,-0.00313253501829486,NA,NA,NA,NA,NA,NA,NA,NA,NA
"949","202_1",0.242272517321016,384.295612009238,0.258097895666108,-0.0158253783450917,NA,NA,NA,NA,NA,NA,NA,NA,NA
"950","202_1",0.245579676674365,408.314087759815,0.258097896374977,-0.0125182197006121,NA,NA,NA,NA,NA,NA,NA,NA,NA
"951","202_1",0.240862201693611,431.408775981524,0.258097896558926,-0.017235694865315,NA,NA,NA,NA,NA,NA,NA,NA,NA
"952","202_1",0.236193995381062,456.35103926097,0.258097896612053,-0.0219039012309913,NA,NA,NA,NA,NA,NA,NA,NA,NA
"953","202_1",0.236834488067744,480.369515011547,0.258097896625166,-0.0212634085574224,NA,NA,NA,NA,NA,NA,NA,NA,NA
"954","203_1",0.0158837285954201,1.65680473372771,0.0182578817687866,-0.00237415317336647,NA,NA,NA,NA,NA,NA,NA,NA,NA
"955","203_1",0.029114937296941,3.31360946745556,0.02748336378025,0.00163157351669101,NA,NA,NA,NA,NA,NA,NA,NA,NA
"956","203_1",0.0449934340976985,5.24654832347133,0.0403225645818149,0.00467086951588357,NA,NA,NA,NA,NA,NA,NA,NA,NA
"957","203_1",0.0555721229053203,6.90335305719913,0.0531915996306494,0.00238052327467087,NA,NA,NA,NA,NA,NA,NA,NA,NA
"958","203_1",0.0687928680175161,9.11242603550284,0.0729780859614065,-0.0041852179438904,NA,NA,NA,NA,NA,NA,NA,NA,NA
"959","203_1",0.0793820204144629,10.2169625246547,0.0839000249068239,-0.00451800449236101,NA,NA,NA,NA,NA,NA,NA,NA,NA
"960","203_1",0.230319296428254,23.7475345167652,0.224151222660973,0.00616807376728146,NA,NA,NA,NA,NA,NA,NA,NA,NA
"961","203_1",0.256389329231606,47.7712031558184,0.290164959681946,-0.0337756304503402,NA,NA,NA,NA,NA,NA,NA,NA,NA
"962","203_1",0.287759170028095,72.0710059171597,0.292781182263035,-0.00502201223493964,NA,NA,NA,NA,NA,NA,NA,NA,NA
"963","203_1",0.297919315262715,95.818540433925,0.292859339299781,0.00505997596293384,NA,NA,NA,NA,NA,NA,NA,NA,NA
"964","203_1",0.310726748596571,119.842209072978,0.292861856965164,0.017864891631407,NA,NA,NA,NA,NA,NA,NA,NA,NA
"965","203_1",0.304961310878471,144.142011834319,0.292861934865659,0.0120993760128121,NA,NA,NA,NA,NA,NA,NA,NA,NA
"966","204_1",0.0240641711229943,1.11779560308972,0.0348549165462729,-0.0107907454232786,NA,NA,NA,NA,NA,NA,NA,NA,NA
"967","204_1",0.0401069518716575,2.23336304218657,0.0385995326795561,0.00150741919210139,NA,NA,NA,NA,NA,NA,NA,NA,NA
"968","204_1",0.0561497326203204,3.62670825906122,0.0475239706148575,0.00862576200546288,NA,NA,NA,NA,NA,NA,NA,NA,NA
"969","204_1",0.0695187165775397,5.01931075460487,0.0643454289487105,0.00517328762882917,NA,NA,NA,NA,NA,NA,NA,NA,NA
"970","204_1",0.0828877005347588,5.85635769459299,0.0795841648668414,0.00330353566791736,NA,NA,NA,NA,NA,NA,NA,NA,NA
"971","204_1",0.10427807486631,7.25118835412951,0.113129475614415,-0.00885140074810478,NA,NA,NA,NA,NA,NA,NA,NA,NA
"972","204_1",0.131016042780749,8.09194890077237,0.135858569659015,-0.00484252687826622,NA,NA,NA,NA,NA,NA,NA,NA,NA
"973","204_1",0.163101604278075,9.21197266785498,0.164277660854166,-0.00117605657609107,NA,NA,NA,NA,NA,NA,NA,NA,NA
"974","204_1",0.197860962566845,10.3327391562686,0.186712630100001,0.0111483324668435,NA,NA,NA,NA,NA,NA,NA,NA,NA
"975","204_1",0.272727272727272,23.9646464646464,0.223481828372909,0.0492454443543626,NA,NA,NA,NA,NA,NA,NA,NA,NA
"976","204_1",0.248663101604278,48.1246286393346,0.22350284277611,0.0251602588281679,NA,NA,NA,NA,NA,NA,NA,NA,NA
"977","204_1",0.256684491978609,72.0157456922162,0.223502842801899,0.0331816491767097,NA,NA,NA,NA,NA,NA,NA,NA,NA
"978","204_1",0.213903743315508,96.1705288175876,0.223502842801899,-0.00959909948639126,NA,NA,NA,NA,NA,NA,NA,NA,NA
"979","204_1",0.176470588235294,120.049019607843,0.223502842801899,-0.0470322545666053,NA,NA,NA,NA,NA,NA,NA,NA,NA
"980","204_1",0.168449197860962,144.213458110517,0.223502842801906,-0.0550536449409444,NA,NA,NA,NA,NA,NA,NA,NA,NA
"981","205_1",0.00351906158357773,24.3407707910748,0.0108527785582389,-0.00733371697466116,NA,NA,NA,NA,NA,NA,NA,NA,NA
"982","205_1",0.00879765395894427,48.6815415821497,0.0129565497179547,-0.00415889575901044,NA,NA,NA,NA,NA,NA,NA,NA,NA
"983","205_1",0.0140762463343108,71.805273833671,0.0159283136709295,-0.00185206733661871,NA,NA,NA,NA,NA,NA,NA,NA,NA
"984","205_1",0.0281524926686219,96.1460446247463,0.0205030877904541,0.00764940487816775,NA,NA,NA,NA,NA,NA,NA,NA,NA
"985","205_1",0.0316715542521996,120.486815415821,0.0270755732049997,0.00459598104719987,NA,NA,NA,NA,NA,NA,NA,NA,NA
"986","205_1",0.0404692082111437,144.827586206897,0.0361585271216845,0.00431068108945918,NA,NA,NA,NA,NA,NA,NA,NA,NA
"987","205_1",0.0492668621700879,167.951318458418,0.0473979894275228,0.00186887274256507,NA,NA,NA,NA,NA,NA,NA,NA,NA
"988","205_1",0.0633431085043988,192.292089249493,0.0618318087405433,0.00151129976385546,NA,NA,NA,NA,NA,NA,NA,NA,NA
"989","205_1",0.0774193548387098,216.632860040567,0.0781328020669524,-0.000713447228242584,NA,NA,NA,NA,NA,NA,NA,NA,NA
"990","205_1",0.0914956011730206,239.756592292089,0.0940744473598217,-0.00257884618680114,NA,NA,NA,NA,NA,NA,NA,NA,NA
"991","205_1",0.102052785923754,264.097363083164,0.10982775965747,-0.00777497373371616,NA,NA,NA,NA,NA,NA,NA,NA,NA
"992","205_1",0.116129032258065,288.438133874239,0.123336411143003,-0.00720737888493832,NA,NA,NA,NA,NA,NA,NA,NA,NA
"993","205_1",0.133724340175953,311.56186612576,0.133581205466037,0.000143134709915754,NA,NA,NA,NA,NA,NA,NA,NA,NA
"994","205_1",0.140762463343108,335.902636916835,0.141690958401306,-0.000928495058197532,NA,NA,NA,NA,NA,NA,NA,NA,NA
"995","205_1",0.156598240469208,360.243407707911,0.14746731111324,0.00913092935596771,NA,NA,NA,NA,NA,NA,NA,NA,NA
"996","205_1",0.156598240469208,383.367139959432,0.151279214582396,0.00531902588681199,NA,NA,NA,NA,NA,NA,NA,NA,NA
"997","205_1",0.165395894428153,407.707910750507,0.154006698518785,0.0113891959093681,NA,NA,NA,NA,NA,NA,NA,NA,NA
"998","205_1",0.16891495601173,432.048681541582,0.155812256607593,0.013102699404137,NA,NA,NA,NA,NA,NA,NA,NA,NA
"999","205_1",0.170674486803519,455.172413793103,0.156946778084587,0.0137277087189324,NA,NA,NA,NA,NA,NA,NA,NA,NA
"1000","205_1",0.165395894428153,479.513184584178,0.157732416393592,0.00766347803456119,NA,NA,NA,NA,NA,NA,NA,NA,NA
"1001","205_1",0.158357771260997,502.636916835699,0.158220496324235,0.000137274936761939,NA,NA,NA,NA,NA,NA,NA,NA,NA
"1002","205_1",0.158357771260997,528.194726166328,0.158569211394177,-0.00021144013317978,NA,NA,NA,NA,NA,NA,NA,NA,NA
"1003","205_1",0.153079178885631,551.31845841785,0.158772108550363,-0.00569292966473228,NA,NA,NA,NA,NA,NA,NA,NA,NA
"1004","205_1",0.160117302052786,575.659229208925,0.158911132691035,0.00120616936175114,NA,NA,NA,NA,NA,NA,NA,NA,NA
"1005","205_1",0.15307917888563,598.782961460446,0.158996900339717,-0.0059177214540867,NA,NA,NA,NA,NA,NA,NA,NA,NA
"1006","205_1",0.151319648093842,624.340770791075,0.159057898326151,-0.00773825023230904,NA,NA,NA,NA,NA,NA,NA,NA,NA
"1007","205_1",0.146041055718475,647.464503042596,0.159093282809943,-0.0130522270914679,NA,NA,NA,NA,NA,NA,NA,NA,NA
"1008","205_1",0.142521994134897,671.805273833671,0.159117482928547,-0.0165954887936501,NA,NA,NA,NA,NA,NA,NA,NA,NA
"1009","206_1",NA,NA,NA,NA,NA,NA,NA,NA,NA,NA,NA,NA,NA
"1010","207_1",NA,NA,NA,NA,NA,NA,NA,NA,NA,NA,NA,NA,NA
"1011","208_1",NA,NA,NA,NA,NA,NA,NA,NA,NA,NA,NA,NA,NA
"1012","209_1",NA,NA,NA,NA,NA,NA,NA,NA,NA,NA,NA,NA,NA
"1013","21_1",NA,NA,NA,NA,NA,NA,NA,NA,NA,NA,NA,NA,NA
"1014","210_1",NA,NA,NA,NA,NA,NA,NA,NA,NA,NA,NA,NA,NA
"1015","211_1",NA,NA,NA,NA,NA,NA,NA,NA,NA,NA,NA,NA,NA
"1016","214_1",NA,NA,NA,NA,NA,NA,NA,NA,NA,NA,NA,NA,NA
"1017","215_1",NA,NA,NA,NA,NA,NA,NA,NA,NA,NA,NA,NA,NA
"1018","217_1",NA,NA,NA,NA,NA,NA,NA,NA,NA,NA,NA,NA,NA
"1019","22_1",NA,NA,NA,NA,NA,NA,NA,NA,NA,NA,NA,NA,NA
"1020","221_1",NA,NA,NA,NA,NA,NA,NA,NA,NA,NA,NA,NA,NA
"1021","224_1",NA,NA,NA,NA,NA,NA,NA,NA,NA,NA,NA,NA,NA
"1022","226_1",NA,NA,NA,NA,NA,NA,NA,NA,NA,NA,NA,NA,NA
"1023","227_1",NA,NA,NA,NA,NA,NA,NA,NA,NA,NA,NA,NA,NA
"1024","229_1",NA,NA,NA,NA,NA,NA,NA,NA,NA,NA,NA,NA,NA
"1025","23_1",NA,NA,NA,NA,NA,NA,NA,NA,NA,NA,NA,NA,NA
"1026","230_1",NA,NA,NA,NA,NA,NA,NA,NA,NA,NA,NA,NA,NA
"1027","233_1",NA,NA,NA,NA,NA,NA,NA,NA,NA,NA,NA,NA,NA
"1028","234_1",NA,NA,NA,NA,NA,NA,NA,NA,NA,NA,NA,NA,NA
"1029","235_1",NA,NA,NA,NA,NA,NA,NA,NA,NA,NA,NA,NA,NA
"1030","236_1",NA,NA,NA,NA,NA,NA,NA,NA,NA,NA,NA,NA,NA
"1031","237_1",NA,NA,NA,NA,NA,NA,NA,NA,NA,NA,NA,NA,NA
"1032","238_1",NA,NA,NA,NA,NA,NA,NA,NA,NA,NA,NA,NA,NA
"1033","239_1",NA,NA,NA,NA,NA,NA,NA,NA,NA,NA,NA,NA,NA
"1034","24_1",NA,NA,NA,NA,NA,NA,NA,NA,NA,NA,NA,NA,NA
"1035","240_1",NA,NA,NA,NA,NA,NA,NA,NA,NA,NA,NA,NA,NA
"1036","244_1",NA,NA,NA,NA,NA,NA,NA,NA,NA,NA,NA,NA,NA
"1037","245_1",NA,NA,NA,NA,NA,NA,NA,NA,NA,NA,NA,NA,NA
"1038","246_1",NA,NA,NA,NA,NA,NA,NA,NA,NA,NA,NA,NA,NA
"1039","247_1",NA,NA,NA,NA,NA,NA,NA,NA,NA,NA,NA,NA,NA
"1040","248_1",NA,NA,NA,NA,NA,NA,NA,NA,NA,NA,NA,NA,NA
"1041","249_1",1.76835247702619,150.484680905161,162.877455030113,-161.109102553087,NA,NA,NA,NA,NA,NA,NA,NA,NA
"1042","249_1",9.59142591192544,226.706712433257,162.877455030113,-153.286029118188,NA,NA,NA,NA,NA,NA,NA,NA,NA
"1043","249_1",78.4388107999071,304.295385202136,162.877455030113,-84.4386442302063,NA,NA,NA,NA,NA,NA,NA,NA,NA
"1044","249_1",268.863253366733,379.667238749047,162.877455030113,105.98579833662,NA,NA,NA,NA,NA,NA,NA,NA,NA
"1045","249_1",296.136724874978,454.840452580727,162.877455030113,133.259269844865,NA,NA,NA,NA,NA,NA,NA,NA,NA
"1046","249_1",247.067563521702,530.379163488431,162.877455030113,84.1901084915886,NA,NA,NA,NA,NA,NA,NA,NA,NA
"1047","249_1",238.27606815756,605.464975845411,162.877455030113,75.3986131274466,NA,NA,NA,NA,NA,NA,NA,NA,NA
"1048","25_1",NA,NA,NA,NA,NA,NA,NA,NA,NA,NA,NA,NA,NA
"1049","250_1",NA,NA,NA,NA,NA,NA,NA,NA,NA,NA,NA,NA,NA
"1050","251_1",NA,NA,NA,NA,NA,NA,NA,NA,NA,NA,NA,NA,NA
"1051","252_1",NA,NA,NA,NA,NA,NA,NA,NA,NA,NA,NA,NA,NA
"1052","253_1",NA,NA,NA,NA,NA,NA,NA,NA,NA,NA,NA,NA,NA
"1053","254_1",NA,NA,NA,NA,NA,NA,NA,NA,NA,NA,NA,NA,NA
"1054","255_1",NA,NA,NA,NA,NA,NA,NA,NA,NA,NA,NA,NA,NA
"1055","256_1",NA,NA,NA,NA,NA,NA,NA,NA,NA,NA,NA,NA,NA
"1056","257_1",NA,NA,NA,NA,NA,NA,NA,NA,NA,NA,NA,NA,NA
"1057","258_1",NA,NA,NA,NA,NA,NA,NA,NA,NA,NA,NA,NA,NA
"1058","259_1",NA,NA,NA,NA,NA,NA,NA,NA,NA,NA,NA,NA,NA
"1059","26_1",NA,NA,NA,NA,NA,NA,NA,NA,NA,NA,NA,NA,NA
"1060","260_1",NA,NA,NA,NA,NA,NA,NA,NA,NA,NA,NA,NA,NA
"1061","261_1",NA,NA,NA,NA,NA,NA,NA,NA,NA,NA,NA,NA,NA
"1062","262_1",NA,NA,NA,NA,NA,NA,NA,NA,NA,NA,NA,NA,NA
"1063","263_1",0.00538876058506466,8.31408775981504,0.0116470237392731,-0.00625826315420841,NA,NA,NA,NA,NA,NA,NA,NA,NA
"1064","263_1",0.0241539645881437,23.0946882217089,0.0170545458776714,0.00709941871047234,NA,NA,NA,NA,NA,NA,NA,NA,NA
"1065","263_1",0.061653579676674,48.0369515011546,0.0617692421419758,-0.000115662465301765,NA,NA,NA,NA,NA,NA,NA,NA,NA
"1066","263_1",0.0643264049268661,48.960739030023,0.0649774360936504,-0.000651031166784319,NA,NA,NA,NA,NA,NA,NA,NA,NA
"1067","263_1",0.157813702848344,72.055427251732,0.158518297277932,-0.000704594429588423,NA,NA,NA,NA,NA,NA,NA,NA,NA
"1068","263_1",0.200640492686681,96.0739030023094,0.200857609063494,-0.000217116376813375,NA,NA,NA,NA,NA,NA,NA,NA,NA
"1069","263_1",0.224794457274826,119.168591224019,0.20749265195566,0.0173018053191656,NA,NA,NA,NA,NA,NA,NA,NA,NA
"1070","263_1",0.227621247113164,143.187066974596,0.20839545018726,0.0192257969259038,NA,NA,NA,NA,NA,NA,NA,NA,NA
"1071","263_1",0.217114703618167,167.205542725173,0.208503631863563,0.00861107175460432,NA,NA,NA,NA,NA,NA,NA,NA,NA
"1072","263_1",0.21994765204003,192.147806004619,0.208516674190651,0.0114309778493788,NA,NA,NA,NA,NA,NA,NA,NA,NA
"1073","263_1",0.220101616628175,215.242494226328,0.208518075622464,0.0115835410057105,NA,NA,NA,NA,NA,NA,NA,NA,NA
"1074","263_1",0.225601231716704,240.184757505774,0.208518261008203,0.0170829707085007,NA,NA,NA,NA,NA,NA,NA,NA,NA
"1075","263_1",0.217761354888375,264.203233256351,0.208518281159446,0.0092430737289293,NA,NA,NA,NA,NA,NA,NA,NA,NA
"1076","263_1",0.217921478060045,288.221709006928,0.208518283561844,0.00940319449820101,NA,NA,NA,NA,NA,NA,NA,NA,NA
"1077","263_1",0.207414934565049,312.240184757506,0.208518283848253,-0.0011033492832041,NA,NA,NA,NA,NA,NA,NA,NA,NA
"1078","263_1",0.204908391070053,336.258660508083,0.208518283882398,-0.00360989281234525,NA,NA,NA,NA,NA,NA,NA,NA,NA
"1079","263_1",0.194395688991531,359.353348729792,0.20851828388642,-0.0141225948948889,NA,NA,NA,NA,NA,NA,NA,NA,NA
"1080","263_1",0.19989530408006,384.295612009238,0.208518283886953,-0.00862297980689281,NA,NA,NA,NA,NA,NA,NA,NA,NA
"1081","263_1",0.194715935334872,407.390300230947,0.20851828388701,-0.0138023485521377,NA,NA,NA,NA,NA,NA,NA,NA,NA
"1082","263_1",0.192209391839876,431.408775981524,0.208518283887017,-0.0163088920471408,NA,NA,NA,NA,NA,NA,NA,NA,NA
"1083","263_1",0.18970284834488,455.427251732102,0.208518283887017,-0.0188154355421368,NA,NA,NA,NA,NA,NA,NA,NA,NA
"1084","263_1",0.181869130100076,480.369515011547,0.208518283887017,-0.0266491537869408,NA,NA,NA,NA,NA,NA,NA,NA,NA
"1085","264_1",0.00795755968169809,1.10233913539358,0.0126454212077022,-0.00468786152600411,NA,NA,NA,NA,NA,NA,NA,NA,NA
"1086","264_1",0.0132625994694964,2.48154484432797,0.0147709388220902,-0.00150833935259378,NA,NA,NA,NA,NA,NA,NA,NA,NA
"1087","264_1",0.0185676392572947,3.86075055326233,0.0177400190335958,0.000827620223698918,NA,NA,NA,NA,NA,NA,NA,NA,NA
"1088","264_1",0.0291777188328917,5.51462548197915,0.0228259018866174,0.00635181694627429,NA,NA,NA,NA,NA,NA,NA,NA,NA
"1089","264_1",0.031830238726791,6.89456364216616,0.028759417944011,0.00307082078278001,NA,NA,NA,NA,NA,NA,NA,NA,NA
"1090","264_1",0.0397877984084882,8.82530514442365,0.0404182724002827,-0.000630473991794528,NA,NA,NA,NA,NA,NA,NA,NA,NA
"1091","264_1",0.0477453580901863,10.2037784021053,0.0515823091651433,-0.00383695107495698,NA,NA,NA,NA,NA,NA,NA,NA,NA
"1092","264_1",0.193633952254642,23.6940655753143,0.192044721033551,0.00158923122109125,NA,NA,NA,NA,NA,NA,NA,NA,NA
"1093","264_1",0.188328912466843,47.719199116873,0.211873096563828,-0.0235441840969848,NA,NA,NA,NA,NA,NA,NA,NA,NA
"1094","264_1",0.230769230769231,72.0072826581703,0.211914475273527,0.0188547554957036,NA,NA,NA,NA,NA,NA,NA,NA,NA
"1095","264_1",0.230769230769232,96.0309512972235,0.21191454802613,0.0188546827431025,NA,NA,NA,NA,NA,NA,NA,NA,NA
"1096","264_1",0.214854111405836,119.782880521505,0.211914548163161,0.00293956324267475,NA,NA,NA,NA,NA,NA,NA,NA,NA
"1097","264_1",0.193633952254643,144.088542892868,0.211914548163435,-0.0182805959087918,NA,NA,NA,NA,NA,NA,NA,NA,NA
"1098","265_1",0.00534759358288772,0.27944111776452,0.0106058005084676,-0.0052582069255799,NA,NA,NA,NA,NA,NA,NA,NA,NA
"1099","265_1",0.0106951871657754,1.39720558882237,0.0142534853986618,-0.00355829823288636,NA,NA,NA,NA,NA,NA,NA,NA,NA
"1100","265_1",0.0160427807486632,2.51497005988026,0.0188566133437661,-0.00281383259510293,NA,NA,NA,NA,NA,NA,NA,NA,NA
"1101","265_1",0.0320855614973263,3.63273453093817,0.0245406380992198,0.00754492339810645,NA,NA,NA,NA,NA,NA,NA,NA,NA
"1102","265_1",0.0401069518716581,5.02994011976051,0.0332615974778117,0.00684535439384639,NA,NA,NA,NA,NA,NA,NA,NA,NA
"1103","265_1",0.0454545454545459,5.58882235528944,0.0372420877454352,0.00821245770911068,NA,NA,NA,NA,NA,NA,NA,NA,NA
"1104","265_1",0.0481283422459895,6.98602794411181,0.0482552351842242,-0.000126892938234702,NA,NA,NA,NA,NA,NA,NA,NA,NA
"1105","265_1",0.0508021390374331,8.3832335329341,0.0603197336997426,-0.00951759466230954,NA,NA,NA,NA,NA,NA,NA,NA,NA
"1106","265_1",0.072192513368984,10.3393213572855,0.0774480455862924,-0.00525553221730837,NA,NA,NA,NA,NA,NA,NA,NA,NA
"1107","265_1",0.163101604278076,23.7524950099801,0.126779713749388,0.0363218905286875,NA,NA,NA,NA,NA,NA,NA,NA,NA
"1108","265_1",0.131016042780749,48.0638722554891,0.128936445198454,0.00207959758229539,NA,NA,NA,NA,NA,NA,NA,NA,NA
"1109","265_1",0.149732620320856,72.0958083832335,0.128939329661197,0.0207932906596591,NA,NA,NA,NA,NA,NA,NA,NA,NA
"1110","265_1",0.125668449197861,95.8483033932136,0.128939333755355,-0.00327088455749383,NA,NA,NA,NA,NA,NA,NA,NA,NA
"1111","265_1",0.104278074866311,120.159680638723,0.128939333761629,-0.0246612588953179,NA,NA,NA,NA,NA,NA,NA,NA,NA
"1112","265_1",0.101604278074867,143.912175648703,0.128939333761636,-0.027335055686769,NA,NA,NA,NA,NA,NA,NA,NA,NA
"1113","266_1",0.00706895808043795,22.3455976141038,0.0081426475347949,-0.00107368945435695,NA,NA,NA,NA,NA,NA,NA,NA,NA
"1114","266_1",0.00699501500428279,47.190471202253,0.0105060627448271,-0.00351104774054436,NA,NA,NA,NA,NA,NA,NA,NA,NA
"1115","266_1",0.0087104943710834,70.7894039571873,0.0134340292133483,-0.00472353484226489,NA,NA,NA,NA,NA,NA,NA,NA,NA
"1116","266_1",0.0211403254727736,94.3661537892748,0.0171814061187292,0.00395891935404438,NA,NA,NA,NA,NA,NA,NA,NA,NA
"1117","266_1",0.0264235582640633,119.199935916001,0.0221965994464619,0.00422695881760142,NA,NA,NA,NA,NA,NA,NA,NA,NA
"1118","266_1",0.0299247629200121,142.795171517127,0.0281355775619828,0.00178918535802925,NA,NA,NA,NA,NA,NA,NA,NA,NA
"1119","266_1",0.0387831434434058,166.37931565683,0.035327950648561,0.00345519279484482,NA,NA,NA,NA,NA,NA,NA,NA,NA
"1120","266_1",0.0387092003672507,191.22418924498,0.044297222420172,-0.00558802205292128,NA,NA,NA,NA,NA,NA,NA,NA,NA
"1121","266_1",0.0618533832038304,214.778756154221,0.0540292823656149,0.00782410083821552,NA,NA,NA,NA,NA,NA,NA,NA,NA
"1122","266_1",0.0653508907059714,239.616235434755,0.0653279836968477,2.29070091236766e-05,NA,NA,NA,NA,NA,NA,NA,NA,NA
"1123","266_1",0.0706378206510689,263.207773882073,0.076658461224356,-0.00602064057328715,NA,NA,NA,NA,NA,NA,NA,NA,NA
"1124","266_1",0.0866354051772478,288.019373085953,0.088685927626253,-0.00205052244900525,NA,NA,NA,NA,NA,NA,NA,NA,NA
"1125","266_1",0.100850961568086,311.592425764233,0.0997161268561135,0.00113483471197247,NA,NA,NA,NA,NA,NA,NA,NA,NA
"1126","266_1",0.107923616802332,335.180267057744,0.109940486245438,-0.00201686944310606,NA,NA,NA,NA,NA,NA,NA,NA,NA
"1127","266_1",0.120349750750214,359.999260569239,0.119497284365319,0.000852466384894959,NA,NA,NA,NA,NA,NA,NA,NA,NA
"1128","266_1",0.123854652559971,382.352252490958,0.126906702715267,-0.00305205015529561,NA,NA,NA,NA,NA,NA,NA,NA,NA
"1129","266_1",0.12913788535126,407.186034617684,0.13378646896595,-0.00464858361468959,NA,NA,NA,NA,NA,NA,NA,NA,NA
"1130","266_1",0.137996265874654,430.770178757387,0.13908332225866,-0.0010870563840065,NA,NA,NA,NA,NA,NA,NA,NA,NA
"1131","266_1",0.153993850400833,455.581777961267,0.143507999832954,0.0104858505678792,NA,NA,NA,NA,NA,NA,NA,NA,NA
"1132","266_1",0.15213418203553,480.430348703224,0.146944451657612,0.00518973037791828,NA,NA,NA,NA,NA,NA,NA,NA,NA
"1133","266_1",0.155635386691478,504.02558430435,0.149456503061868,0.00617888362961047,NA,NA,NA,NA,NA,NA,NA,NA,NA
"1134","266_1",0.155565140769131,527.628214213092,0.151385585363954,0.00417955540517692,NA,NA,NA,NA,NA,NA,NA,NA,NA
"1135","266_1",0.15191974711468,552.480482108857,0.15292268160717,-0.00100293449248959,NA,NA,NA,NA,NA,NA,NA,NA,NA
"1136","266_1",0.15363522648148,576.079414863791,0.154020047443814,-0.000384820962334248,NA,NA,NA,NA,NA,NA,NA,NA,NA
"1137","266_1",0.151779255269985,599.685741926341,0.154848141339829,-0.00306888606984404,NA,NA,NA,NA,NA,NA,NA,NA,NA
"1138","266_1",0.153491037482977,624.526918360682,0.155498749647827,-0.00200771216485007,NA,NA,NA,NA,NA,NA,NA,NA,NA
"1139","266_1",0.151635066271482,648.133245423232,0.155958878603875,-0.00432381233239304,NA,NA,NA,NA,NA,NA,NA,NA,NA
"1140","266_1",0.151564820349135,671.735875331974,0.156303361305872,-0.00473854095673676,NA,NA,NA,NA,NA,NA,NA,NA,NA
"1141","267_1",0.00527014078278176,1.83779268322645,0.021772886069731,-0.0165027452869492,NA,NA,NA,NA,NA,NA,NA,NA,NA
"1142","267_1",0.0530208102995013,10.9874450259207,0.0393990021943141,0.0136218081051872,NA,NA,NA,NA,NA,NA,NA,NA,NA
"1143","267_1",0.0530208102995013,10.9874450259207,0.0393990021943141,0.0136218081051872,NA,NA,NA,NA,NA,NA,NA,NA,NA
"1144","267_1",0.0661593081251075,22.9724085403307,0.0779452518161759,-0.0117859436910684,NA,NA,NA,NA,NA,NA,NA,NA,NA
"1145","267_1",0.158927299083561,46.8194884646569,0.161646780782225,-0.00271948169866448,NA,NA,NA,NA,NA,NA,NA,NA,NA
"1146","267_1",0.198502493796222,70.7648460725781,0.189892162132241,0.00861033166398065,NA,NA,NA,NA,NA,NA,NA,NA,NA
"1147","267_1",0.243409252843911,93.7765656863468,0.194399314503943,0.0490099383399683,NA,NA,NA,NA,NA,NA,NA,NA,NA
"1148","267_1",0.259035404535515,118.689958477679,0.195086965583424,0.0639484389520912,NA,NA,NA,NA,NA,NA,NA,NA,NA
"1149","267_1",0.237438883565515,142.748335421734,0.195171299096213,0.0422675844693021,NA,NA,NA,NA,NA,NA,NA,NA,NA
"1150","267_1",0.239779120906121,166.762487408172,0.1951824833204,0.0445966375857213,NA,NA,NA,NA,NA,NA,NA,NA,NA
"1151","267_1",0.223501879560699,190.811036583868,0.195183972942125,0.0283179066185738,NA,NA,NA,NA,NA,NA,NA,NA,NA
"1152","267_1",0.228501756713595,214.820274686126,0.195184170572951,0.0333175861406443,NA,NA,NA,NA,NA,NA,NA,NA,NA
"1153","267_1",0.222863074617332,238.849168325103,0.195184196899476,0.0276788777178564,NA,NA,NA,NA,NA,NA,NA,NA,NA
"1154","267_1",0.214564752708779,262.882975848259,0.195184200399996,0.0193805523087826,NA,NA,NA,NA,NA,NA,NA,NA,NA
"1155","267_1",0.206266430800227,286.916783371416,0.195184200865221,0.0110822299350063,NA,NA,NA,NA,NA,NA,NA,NA,NA
"1156","267_1",0.189989189454805,310.965332547112,0.195184200927063,-0.00519501147225779,NA,NA,NA,NA,NA,NA,NA,NA,NA
"1157","267_1",0.181690867546252,334.999140070269,0.19518420093527,-0.0134933333890176,NA,NA,NA,NA,NA,NA,NA,NA,NA
"1158","267_1",0.168073266013121,359.042775361785,0.19518420093636,-0.0271109349232392,NA,NA,NA,NA,NA,NA,NA,NA,NA
"1159","267_1",0.157115304292278,383.081496769121,0.195184200936506,-0.0380688966442279,NA,NA,NA,NA,NA,NA,NA,NA,NA
"1160","267_1",0.148816982383726,407.115304292278,0.195184200936524,-0.0463672185527977,NA,NA,NA,NA,NA,NA,NA,NA,NA
"1161","267_1",0.137859020662884,431.154025699614,0.195184200936531,-0.0573251802736468,NA,NA,NA,NA,NA,NA,NA,NA,NA
"1162","267_1",0.134879978378911,455.178005454412,0.195184200936531,-0.0603042225576198,NA,NA,NA,NA,NA,NA,NA,NA,NA
"1163","267_1",0.118602737033489,479.226554630107,0.195184200936531,-0.0765814639030418,NA,NA,NA,NA,NA,NA,NA,NA,NA
"1164","268_1",0.0265957446808507,1.64548081755738,0.0288106416741055,-0.00221489699325478,NA,NA,NA,NA,NA,NA,NA,NA,NA
"1165","268_1",0.0319148936170213,3.29755821745686,0.0393897514306999,-0.00747485781367863,NA,NA,NA,NA,NA,NA,NA,NA,NA
"1166","268_1",0.0452127659574466,3.84507455185123,0.0435868574182801,0.00162590853916653,NA,NA,NA,NA,NA,NA,NA,NA,NA
"1167","268_1",0.0585106382978724,4.66818143742671,0.0505707933845612,0.00793984491331121,NA,NA,NA,NA,NA,NA,NA,NA,NA
"1168","268_1",0.0691489361702127,6.04320237895795,0.0640040192473539,0.00514491692285884,NA,NA,NA,NA,NA,NA,NA,NA,NA
"1169","268_1",0.0797872340425529,7.1426327693081,0.076163568989007,0.0036236650535459,NA,NA,NA,NA,NA,NA,NA,NA,NA
"1170","268_1",0.0851063829787231,8.51911961802647,0.0926714330015844,-0.00756505002286133,NA,NA,NA,NA,NA,NA,NA,NA,NA
"1171","268_1",0.103723404255319,9.61635114759592,0.106326095393702,-0.00260269113838298,NA,NA,NA,NA,NA,NA,NA,NA,NA
"1172","268_1",0.207446808510638,23.642884067683,0.198132402030827,0.00931440647981049,NA,NA,NA,NA,NA,NA,NA,NA,NA
"1173","268_1",0.220744680851064,47.6155972524711,0.203674519271352,0.0170701615797115,NA,NA,NA,NA,NA,NA,NA,NA,NA
"1174","268_1",0.236702127659574,71.5875774836656,0.203688825628159,0.0330133020314147,NA,NA,NA,NA,NA,NA,NA,NA,NA
"1175","268_1",0.25,95.5602906684537,0.203688861538883,0.0463111384611175,NA,NA,NA,NA,NA,NA,NA,NA,NA
"1176","268_1",0.172872340425532,119.557924275423,0.203688861629001,-0.0308165212034687,NA,NA,NA,NA,NA,NA,NA,NA,NA
"1177","268_1",0.13031914893617,143.821620036857,0.203688861629232,-0.0733697126930616,NA,NA,NA,NA,NA,NA,NA,NA,NA
"1178","269_1",0.0187667560321723,0.00525469168900372,0.0177243283556677,0.00104242767650464,NA,NA,NA,NA,NA,NA,NA,NA,NA
"1179","269_1",0.0268096514745313,1.40750670241287,0.0294868687913209,-0.00267721731678956,NA,NA,NA,NA,NA,NA,NA,NA,NA
"1180","269_1",0.0455764075067031,2.81276139410187,0.0427493873691347,0.00282702013756844,NA,NA,NA,NA,NA,NA,NA,NA,NA
"1181","269_1",0.0589812332439683,4.2165147453083,0.057241975261209,0.0017392579827593,NA,NA,NA,NA,NA,NA,NA,NA,NA
"1182","269_1",0.0697050938337811,5.61951742627345,0.0726063262254635,-0.00290123239168244,NA,NA,NA,NA,NA,NA,NA,NA,NA
"1183","269_1",0.0831099195710463,6.74327077747989,0.0852336072582514,-0.00212368768720506,NA,NA,NA,NA,NA,NA,NA,NA,NA
"1184","269_1",0.0938337801608586,7.86627345844504,0.0978490866201429,-0.00401530645928432,NA,NA,NA,NA,NA,NA,NA,NA,NA
"1185","269_1",0.109919571045577,8.71077747989275,0.107171612126839,0.00274795891873776,NA,NA,NA,NA,NA,NA,NA,NA,NA
"1186","269_1",0.120643431635389,9.5537801608579,0.116218595727436,0.00442483590795346,NA,NA,NA,NA,NA,NA,NA,NA,NA
"1187","269_1",0.193029490616623,23.8540482573726,0.197112570659436,-0.00408308004281333,NA,NA,NA,NA,NA,NA,NA,NA,NA
"1188","269_1",0.238605898123325,47.6668096514745,0.206803986281342,0.0318019118419832,NA,NA,NA,NA,NA,NA,NA,NA,NA
"1189","269_1",0.238605898123325,72.0268096514745,0.206926603979957,0.0316792941433681,NA,NA,NA,NA,NA,NA,NA,NA,NA
"1190","269_1",0.193029490616623,95.8140482573726,0.206927946476505,-0.0138984558598816,NA,NA,NA,NA,NA,NA,NA,NA,NA
"1191","269_1",0.19034852546917,119.893297587131,0.206927962843405,-0.0165794373742353,NA,NA,NA,NA,NA,NA,NA,NA,NA
"1192","269_1",0.176943699731904,143.969544235925,0.206927963032307,-0.0299842633004027,NA,NA,NA,NA,NA,NA,NA,NA,NA
"1193","27_1",NA,NA,NA,NA,NA,NA,NA,NA,NA,NA,NA,NA,NA
"1194","270_1",0.0104347826086957,22.8531517373843,0.0172578525299737,-0.00682306992127799,NA,NA,NA,NA,NA,NA,NA,NA,NA
"1195","270_1",0.0208695652173911,46.9285839008207,0.0228924456595641,-0.00202288044217295,NA,NA,NA,NA,NA,NA,NA,NA,NA
"1196","270_1",0.0347826086956524,69.7922123275711,0.0325295758539462,0.00225303284170623,NA,NA,NA,NA,NA,NA,NA,NA,NA
"1197","270_1",0.0591304347826087,93.8397066526977,0.0495846702128699,0.00954576456973879,NA,NA,NA,NA,NA,NA,NA,NA,NA
"1198","270_1",0.0817391304347828,119.095512484721,0.0768783386123973,0.00486079182238545,NA,NA,NA,NA,NA,NA,NA,NA,NA
"1199","270_1",0.107826086956522,141.934695302951,0.108027116683003,-0.000201029726481242,NA,NA,NA,NA,NA,NA,NA,NA,NA
"1200","270_1",0.126956521739131,167.197485594552,0.142844394788538,-0.0158878730494071,NA,NA,NA,NA,NA,NA,NA,NA,NA
"1201","270_1",0.161739130434783,190.019207263838,0.168389854195149,-0.00665072376036618,NA,NA,NA,NA,NA,NA,NA,NA,NA
"1202","270_1",0.194782608695652,214.049240440021,0.186761286984629,0.00802132171102288,NA,NA,NA,NA,NA,NA,NA,NA,NA
"1203","270_1",0.212173913043479,238.110703684302,0.19772101632261,0.0144528967208686,NA,NA,NA,NA,NA,NA,NA,NA,NA
"1204","270_1",0.213913043478261,262.203596996682,0.203757918399407,0.0101551250788539,NA,NA,NA,NA,NA,NA,NA,NA,NA
"1205","270_1",0.215652173913044,286.296490309062,0.206933279607939,0.00871889430510517,NA,NA,NA,NA,NA,NA,NA,NA,NA
"1206","270_1",0.215652173913044,310.392875851231,0.20856465811684,0.0070875157962039,NA,NA,NA,NA,NA,NA,NA,NA,NA
"1207","270_1",0.213913043478261,334.492753623188,0.209392543030045,0.00452050044821584,NA,NA,NA,NA,NA,NA,NA,NA,NA
"1208","270_1",0.217391304347826,358.58215470578,0.209809860545971,0.00758144380185471,NA,NA,NA,NA,NA,NA,NA,NA,NA
"1209","270_1",0.212173913043479,381.484197660206,0.210012377816736,0.00216153522674301,NA,NA,NA,NA,NA,NA,NA,NA,NA
"1210","270_1",0.212173913043479,406.785402479483,0.210125095571832,0.00204881747164709,NA,NA,NA,NA,NA,NA,NA,NA,NA
"1211","270_1",0.217391304347827,429.666492055177,0.210176024057398,0.00721528029042856,NA,NA,NA,NA,NA,NA,NA,NA,NA
"1212","270_1",0.222608695652174,453.752400907979,0.210203428237314,0.01240526741486,NA,NA,NA,NA,NA,NA,NA,NA,NA
"1213","270_1",0.210434782608696,477.873232058669,0.210217181456821,0.000217601151874774,NA,NA,NA,NA,NA,NA,NA,NA,NA
"1214","270_1",0.210434782608696,501.969617600838,0.210224064332364,0.000210718276332372,NA,NA,NA,NA,NA,NA,NA,NA,NA
"1215","270_1",0.206956521739131,526.072987602584,0.210227514261808,-0.00327099252267696,NA,NA,NA,NA,NA,NA,NA,NA,NA
"1216","270_1",0.2,550.183342063908,0.210229243091495,-0.0102292430914954,NA,NA,NA,NA,NA,NA,NA,NA,NA
"1217","270_1",0.203478260869566,573.06792386939,0.210230077992838,-0.00675181712327211,NA,NA,NA,NA,NA,NA,NA,NA,NA
"1218","270_1",0.198260869565218,597.174786100925,0.210230527249106,-0.0119696576838879,NA,NA,NA,NA,NA,NA,NA,NA,NA
"1219","270_1",0.196521739130435,621.274663872883,0.210230752262389,-0.0137090131319535,NA,NA,NA,NA,NA,NA,NA,NA,NA
"1220","270_1",0.198260869565218,645.367557185262,0.210230864984306,-0.0119699954190877,NA,NA,NA,NA,NA,NA,NA,NA,NA
"1221","270_1",0.198260869565218,670.66876200454,0.210230923408394,-0.0119700538431763,NA,NA,NA,NA,NA,NA,NA,NA,NA
"1222","271_1",0.00262278568094132,0.91889634161322,0.0217331312024344,-0.0191103455214931,NA,NA,NA,NA,NA,NA,NA,NA,NA
"1223","271_1",0.0477383848062702,8.22584211690132,0.0282053856713711,0.0195329991348991,NA,NA,NA,NA,NA,NA,NA,NA,NA
"1224","271_1",0.0634996683128182,22.9773224245105,0.0612674465994205,0.00223222171339768,NA,NA,NA,NA,NA,NA,NA,NA,NA
"1225","271_1",0.161586938895851,46.8145745804771,0.171062611889173,-0.00947567299332194,NA,NA,NA,NA,NA,NA,NA,NA,NA
"1226","271_1",0.235749735878726,69.7722414682685,0.217138496304086,0.0186112395746399,NA,NA,NA,NA,NA,NA,NA,NA,NA
"1227","271_1",0.288610844942385,94.616839881084,0.223762784012505,0.0648480609298796,NA,NA,NA,NA,NA,NA,NA,NA,NA
"1228","271_1",0.322866760030467,118.572025257365,0.224357834354871,0.0985089256755961,NA,NA,NA,NA,NA,NA,NA,NA,NA
"1229","271_1",0.327866637183362,142.581263359623,0.224414844867319,0.103451792316043,NA,NA,NA,NA,NA,NA,NA,NA,NA
"1230","271_1",0.292971917151913,166.664209724577,0.224420263750691,0.0685516534012221,NA,NA,NA,NA,NA,NA,NA,NA,NA
"1231","271_1",0.28733323505565,190.693103363554,0.224420774302224,0.0629124607534256,NA,NA,NA,NA,NA,NA,NA,NA,NA
"1232","271_1",0.297664676543574,213.768703471659,0.224420822189728,0.0732438543538458,NA,NA,NA,NA,NA,NA,NA,NA,NA
"1233","271_1",0.297332989361441,238.71157956807,0.224420827269444,0.0729121620919966,NA,NA,NA,NA,NA,NA,NA,NA,NA
"1234","271_1",0.270417188766861,262.779784280485,0.224420827705828,0.0459963610610333,NA,NA,NA,NA,NA,NA,NA,NA,NA
"1235","271_1",0.232862828923122,286.867644529618,0.224420827747032,0.0084420011760899,NA,NA,NA,NA,NA,NA,NA,NA,NA
"1236","271_1",0.205947028328543,310.935849242033,0.224420827750915,-0.0184737994223722,NA,NA,NA,NA,NA,NA,NA,NA,NA
"1237","271_1",0.194989066607701,334.97457064937,0.224420827751281,-0.0294317611435801,NA,NA,NA,NA,NA,NA,NA,NA,NA
"1238","271_1",0.192010024323727,358.998550404167,0.224420827751317,-0.0324108034275897,NA,NA,NA,NA,NA,NA,NA,NA,NA
"1239","271_1",0.165094223729148,383.066755116582,0.224420827751324,-0.0593266040221758,NA,NA,NA,NA,NA,NA,NA,NA,NA
"1240","271_1",0.148804697673277,408.039114518071,0.224420827751324,-0.0756161300780468,NA,NA,NA,NA,NA,NA,NA,NA,NA
"1241","271_1",0.135199380850594,431.158939583794,0.224420827751324,-0.0892214469007298,NA,NA,NA,NA,NA,NA,NA,NA,NA
"1242","271_1",0.126913343652491,454.268936881158,0.224420827751324,-0.0975074840988328,NA,NA,NA,NA,NA,NA,NA,NA,NA
"1243","271_1",0.126901058942041,455.192747106951,0.224420827751324,-0.0975197688092828,NA,NA,NA,NA,NA,NA,NA,NA,NA
"1244","271_1",0.113283457408909,479.236382398467,0.224420827751324,-0.111137370342415,NA,NA,NA,NA,NA,NA,NA,NA,NA
"1245","272_1",0.0186170212765955,0.269726922432575,0.00436682245484098,0.0142501988217545,NA,NA,NA,NA,NA,NA,NA,NA,NA
"1246","272_1",0.0239361702127661,1.64621377115095,0.0182505385940052,0.00568563161876094,NA,NA,NA,NA,NA,NA,NA,NA,NA
"1247","272_1",0.0319148936170213,3.29755821745686,0.0357007608129663,-0.00378586719594504,NA,NA,NA,NA,NA,NA,NA,NA,NA
"1248","272_1",0.0398936170212769,3.84654045903837,0.0416843454342396,-0.00179072841296267,NA,NA,NA,NA,NA,NA,NA,NA,NA
"1249","272_1",0.0505319148936172,4.39478974702631,0.0477464267315563,0.00278548816206093,NA,NA,NA,NA,NA,NA,NA,NA,NA
"1250","272_1",0.0585106382978724,5.49495309097002,0.0601599431539877,-0.00164930485611531,NA,NA,NA,NA,NA,NA,NA,NA,NA
"1251","272_1",0.0691489361702122,6.59438348132016,0.0728750831308579,-0.00372614696064566,NA,NA,NA,NA,NA,NA,NA,NA,NA
"1252","272_1",0.0771276595744674,7.69454682526387,0.0858796485159803,-0.00875198894151291,NA,NA,NA,NA,NA,NA,NA,NA,NA
"1253","272_1",0.0877659574468077,8.793977215614,0.099124157501774,-0.0113582000549663,NA,NA,NA,NA,NA,NA,NA,NA,NA
"1254","272_1",0.101063829787234,9.61708410118947,0.109181720623867,-0.00811789083663345,NA,NA,NA,NA,NA,NA,NA,NA,NA
"1255","272_1",0.311170212765957,23.6142988775339,0.282112289851106,0.0290579229148505,NA,NA,NA,NA,NA,NA,NA,NA,NA
"1256","272_1",0.438829787234043,47.5554950577986,0.464236215198238,-0.0254064279641948,NA,NA,NA,NA,NA,NA,NA,NA,NA
"1257","272_1",0.518617021276595,71.5098844027475,0.512823902127217,0.00579311914937852,NA,NA,NA,NA,NA,NA,NA,NA,NA
"1258","272_1",0.507978723404255,95.4891941698777,0.522163796213746,-0.0141850728094906,NA,NA,NA,NA,NA,NA,NA,NA,NA
"1259","272_1",0.566489361702127,119.449447143575,0.523828860783251,0.0426605009188762,NA,NA,NA,NA,NA,NA,NA,NA,NA
"1260","272_1",0.502659574468085,143.443415982577,0.524122371849597,-0.0214627973815117,NA,NA,NA,NA,NA,NA,NA,NA,NA
"1261","273_1",0.0214477211796251,0.286005361930293,0.0254773269267028,-0.00402960574707774,NA,NA,NA,NA,NA,NA,NA,NA,NA
"1262","273_1",0.0268096514745313,1.68750670241287,0.0308647827737095,-0.00405513129917816,NA,NA,NA,NA,NA,NA,NA,NA,NA
"1263","273_1",0.0375335120643441,2.25050938337802,0.0337108437541351,0.00382266831020898,NA,NA,NA,NA,NA,NA,NA,NA,NA
"1264","273_1",0.0455764075067031,3.65276139410187,0.0428811441840609,0.00269526332264224,NA,NA,NA,NA,NA,NA,NA,NA,NA
"1265","273_1",0.0536193029490621,4.49501340482573,0.0499738589869291,0.00364544396213302,NA,NA,NA,NA,NA,NA,NA,NA,NA
"1266","273_1",0.0643431635388745,5.61801608579088,0.0613133125751935,0.00302985096368104,NA,NA,NA,NA,NA,NA,NA,NA,NA
"1267","273_1",0.0723860589812335,6.46026809651474,0.0710629647109059,0.0013230942703276,NA,NA,NA,NA,NA,NA,NA,NA,NA
"1268","273_1",0.080428954423593,7.86252010723861,0.0887898970009288,-0.00836094257733576,NA,NA,NA,NA,NA,NA,NA,NA,NA
"1269","273_1",0.0965147453083115,8.42702412868631,0.0960892493898844,0.00042549591842711,NA,NA,NA,NA,NA,NA,NA,NA,NA
"1270","273_1",0.109919571045577,9.55077747989275,0.110149349376341,-0.000229778330763916,NA,NA,NA,NA,NA,NA,NA,NA,NA
"1271","273_1",0.227882037533512,23.8638069705094,0.163669711056954,0.0642123264765577,NA,NA,NA,NA,NA,NA,NA,NA,NA
"1272","273_1",0.171581769436998,47.6480428954424,0.164238431169419,0.0073433382675786,NA,NA,NA,NA,NA,NA,NA,NA,NA
"1273","273_1",0.163538873994638,72.0057908847185,0.164238570551625,-0.000699696556986706,NA,NA,NA,NA,NA,NA,NA,NA,NA
"1274","273_1",0.142091152815014,95.7997855227882,0.164238570579467,-0.0221474177644533,NA,NA,NA,NA,NA,NA,NA,NA,NA
"1275","273_1",0.142091152815014,119.879785522788,0.164238570579471,-0.0221474177644569,NA,NA,NA,NA,NA,NA,NA,NA,NA
"1276","273_1",0.139410187667561,143.959034852547,0.164238570579471,-0.0248283829119099,NA,NA,NA,NA,NA,NA,NA,NA,NA
"1277","274_1",0.0121739130434786,24.0544787847041,0.0211786618490774,-0.00900474880559879,NA,NA,NA,NA,NA,NA,NA,NA,NA
"1278","274_1",0.022608695652174,46.9250916710319,0.0272611407702084,-0.00465244511803437,NA,NA,NA,NA,NA,NA,NA,NA,NA
"1279","274_1",0.0382608695652176,70.9900471451021,0.0357885828830698,0.00247228668214777,NA,NA,NA,NA,NA,NA,NA,NA,NA
"1280","274_1",0.0573913043478262,95.0480181595949,0.0469561719681835,0.0104351323796427,NA,NA,NA,NA,NA,NA,NA,NA,NA
"1281","274_1",0.0660869565217392,117.922123275711,0.0603605536314857,0.00572640289025349,NA,NA,NA,NA,NA,NA,NA,NA,NA
"1282","274_1",0.0834782608695654,143.188405797101,0.0784425792334225,0.00503568163614289,NA,NA,NA,NA,NA,NA,NA,NA,NA
"1283","274_1",0.0956521739130436,167.260345730749,0.0985577643894568,-0.00290559047641319,NA,NA,NA,NA,NA,NA,NA,NA,NA
"1284","274_1",0.11304347826087,190.116989697922,0.119523764171691,-0.00648028591082081,NA,NA,NA,NA,NA,NA,NA,NA,NA
"1285","274_1",0.14608695652174,214.147022874105,0.142343949378303,0.0037430071434367,NA,NA,NA,NA,NA,NA,NA,NA,NA
"1286","274_1",0.161739130434783,238.211978348175,0.164599643931007,-0.00286051349622446,NA,NA,NA,NA,NA,NA,NA,NA,NA
"1287","274_1",0.179130434782609,262.273441592457,0.184976335633028,-0.00584590085041928,NA,NA,NA,NA,NA,NA,NA,NA,NA
"1288","274_1",0.198260869565218,286.331412606949,0.202607139253095,-0.00434626968787705,NA,NA,NA,NA,NA,NA,NA,NA,NA
"1289","274_1",0.213913043478261,310.39636808102,0.217136337831819,-0.00322329435355773,NA,NA,NA,NA,NA,NA,NA,NA,NA
"1290","274_1",0.224347826086957,333.266980967348,0.228124717042557,-0.00377689095559988,NA,NA,NA,NA,NA,NA,NA,NA,NA
"1291","274_1",0.248695652173913,358.519294569583,0.237425262359442,0.0112703898144713,NA,NA,NA,NA,NA,NA,NA,NA,NA
"1292","274_1",0.250434782608696,382.612187881963,0.244004518169719,0.00643026443897698,NA,NA,NA,NA,NA,NA,NA,NA,NA
"1293","274_1",0.252173913043479,405.500261917234,0.248619540654905,0.00355437238857448,NA,NA,NA,NA,NA,NA,NA,NA,NA
"1294","274_1",0.260869565217392,430.784005587567,0.252308520257587,0.00856104495980459,NA,NA,NA,NA,NA,NA,NA,NA,NA
"1295","274_1",0.262608695652174,453.672079622839,0.254696897688478,0.00791179796369573,NA,NA,NA,NA,NA,NA,NA,NA,NA
"1296","274_1",0.264347826086957,478.969792212327,0.256574487480099,0.00777333860685753,NA,NA,NA,NA,NA,NA,NA,NA,NA
"1297","274_1",0.260869565217392,501.868342936965,0.257774746752252,0.00309481846513959,NA,NA,NA,NA,NA,NA,NA,NA,NA
"1298","274_1",0.264347826086957,525.957744019556,0.25867241705561,0.00567540903134672,NA,NA,NA,NA,NA,NA,NA,NA,NA
"1299","274_1",0.259130434782609,550.064606251091,0.259303567692158,-0.000173132909549234,NA,NA,NA,NA,NA,NA,NA,NA,NA
"1300","274_1",0.259130434782609,574.16099179326,0.259745982539759,-0.000615547757150448,NA,NA,NA,NA,NA,NA,NA,NA,NA
"1301","274_1",0.250434782608696,598.274838484372,0.260056052170671,-0.00962126956197495,NA,NA,NA,NA,NA,NA,NA,NA,NA
"1302","274_1",0.248695652173914,622.37471625633,0.260272881296665,-0.0115772291227515,NA,NA,NA,NA,NA,NA,NA,NA,NA
"1303","274_1",0.253913043478261,645.255805832023,0.260418081931157,-0.00650503845289646,NA,NA,NA,NA,NA,NA,NA,NA,NA
"1304","274_1",0.250434782608696,670.563995110878,0.260530478282558,-0.0100956956738617,NA,NA,NA,NA,NA,NA,NA,NA,NA
"1305","275_1",NA,NA,NA,NA,NA,NA,NA,NA,NA,NA,NA,NA,NA
"1306","275_2",NA,NA,NA,NA,NA,NA,NA,NA,NA,NA,NA,NA,NA
"1307","275_3",NA,NA,NA,NA,NA,NA,NA,NA,NA,NA,NA,NA,NA
"1308","275_4",NA,NA,NA,NA,NA,NA,NA,NA,NA,NA,NA,NA,NA
"1309","275_5",NA,NA,NA,NA,NA,NA,NA,NA,NA,NA,NA,NA,NA
"1310","276_1",NA,NA,NA,NA,NA,NA,NA,NA,NA,NA,NA,NA,NA
"1311","276_2",NA,NA,NA,NA,NA,NA,NA,NA,NA,NA,NA,NA,NA
"1312","276_3",NA,NA,NA,NA,NA,NA,NA,NA,NA,NA,NA,NA,NA
"1313","276_4",NA,NA,NA,NA,NA,NA,NA,NA,NA,NA,NA,NA,NA
"1314","276_5",NA,NA,NA,NA,NA,NA,NA,NA,NA,NA,NA,NA,NA
"1315","277_1",NA,NA,NA,NA,NA,NA,NA,NA,NA,NA,NA,NA,NA
"1316","277_2",NA,NA,NA,NA,NA,NA,NA,NA,NA,NA,NA,NA,NA
"1317","277_3",NA,NA,NA,NA,NA,NA,NA,NA,NA,NA,NA,NA,NA
"1318","277_4",NA,NA,NA,NA,NA,NA,NA,NA,NA,NA,NA,NA,NA
"1319","277_5",NA,NA,NA,NA,NA,NA,NA,NA,NA,NA,NA,NA,NA
"1320","278_1",NA,NA,NA,NA,NA,NA,NA,NA,NA,NA,NA,NA,NA
"1321","278_2",NA,NA,NA,NA,NA,NA,NA,NA,NA,NA,NA,NA,NA
"1322","278_3",NA,NA,NA,NA,NA,NA,NA,NA,NA,NA,NA,NA,NA
"1323","278_4",NA,NA,NA,NA,NA,NA,NA,NA,NA,NA,NA,NA,NA
"1324","278_5",NA,NA,NA,NA,NA,NA,NA,NA,NA,NA,NA,NA,NA
"1325","279_1",NA,NA,NA,NA,NA,NA,NA,NA,NA,NA,NA,NA,NA
"1326","279_2",NA,NA,NA,NA,NA,NA,NA,NA,NA,NA,NA,NA,NA
"1327","279_3",NA,NA,NA,NA,NA,NA,NA,NA,NA,NA,NA,NA,NA
"1328","279_4",NA,NA,NA,NA,NA,NA,NA,NA,NA,NA,NA,NA,NA
"1329","279_5",NA,NA,NA,NA,NA,NA,NA,NA,NA,NA,NA,NA,NA
"1330","28_1",NA,NA,NA,NA,NA,NA,NA,NA,NA,NA,NA,NA,NA
"1331","280_1",NA,NA,NA,NA,NA,NA,NA,NA,NA,NA,NA,NA,NA
"1332","281_1",NA,NA,NA,NA,NA,NA,NA,NA,NA,NA,NA,NA,NA
"1333","282_1",NA,NA,NA,NA,NA,NA,NA,NA,NA,NA,NA,NA,NA
"1334","283_1",NA,NA,NA,NA,NA,NA,NA,NA,NA,NA,NA,NA,NA
"1335","284_1",NA,NA,NA,NA,NA,NA,NA,NA,NA,NA,NA,NA,NA
"1336","285_1",NA,NA,NA,NA,NA,NA,NA,NA,NA,NA,NA,NA,NA
"1337","29_1",NA,NA,NA,NA,NA,NA,NA,NA,NA,NA,NA,NA,NA
"1338","3_1",0.0133689839572195,0.558882235528927,0.0772523807939315,-0.063883396836712,NA,NA,NA,NA,NA,NA,NA,NA,NA
"1339","3_1",0.0213903743315509,1.95608782435133,0.0773673589603751,-0.0559769846288242,NA,NA,NA,NA,NA,NA,NA,NA,NA
"1340","3_1",0.0320855614973263,3.3532934131737,0.0774823227685847,-0.0453967612712584,NA,NA,NA,NA,NA,NA,NA,NA,NA
"1341","3_1",0.0454545454545459,4.19161676646712,0.0775512941455535,-0.0320967486910076,NA,NA,NA,NA,NA,NA,NA,NA,NA
"1342","3_1",0.0561497326203209,5.58882235528944,0.077666234900579,-0.0215165022802581,NA,NA,NA,NA,NA,NA,NA,NA,NA
"1343","3_1",0.0695187165775404,6.70658682634732,0.0777581770965291,-0.00823946051898874,NA,NA,NA,NA,NA,NA,NA,NA,NA
"1344","3_1",0.0802139037433158,7.82435129740523,0.0778501100195502,0.00236379372376556,NA,NA,NA,NA,NA,NA,NA,NA,NA
"1345","3_1",0.0962566844919786,8.94211576846311,0.0779420336499795,0.0183146508419991,NA,NA,NA,NA,NA,NA,NA,NA,NA
"1346","3_1",0.114973262032086,10.059880239521,0.0780339479681619,0.0369393140639241,NA,NA,NA,NA,NA,NA,NA,NA,NA
"1347","3_1",0.13903743315508,24.0319361277445,0.07918208322206,0.05985534993302,NA,NA,NA,NA,NA,NA,NA,NA,NA
"1348","3_1",0.122994652406418,47.7844311377246,0.081130458629684,0.041864193776734,NA,NA,NA,NA,NA,NA,NA,NA,NA
"1349","3_1",0.128342245989305,71.8163672654691,0.0830971644511227,0.0452450815381823,NA,NA,NA,NA,NA,NA,NA,NA,NA
"1350","3_1",0.109625668449199,95.8483033932135,0.0850590610874324,0.0245666073617666,NA,NA,NA,NA,NA,NA,NA,NA,NA
"1351","3_1",0.0882352941176481,119.880239520958,0.08701595904074,0.00121933507690811,NA,NA,NA,NA,NA,NA,NA,NA,NA
"1352","3_1",0.0828877005347604,143.912175648703,0.0889676708150385,-0.00607997028027805,NA,NA,NA,NA,NA,NA,NA,NA,NA
"1353","30_1",NA,NA,NA,NA,NA,NA,NA,NA,NA,NA,NA,NA,NA
"1354","31_1",NA,NA,NA,NA,NA,NA,NA,NA,NA,NA,NA,NA,NA
"1355","32_1",NA,NA,NA,NA,NA,NA,NA,NA,NA,NA,NA,NA,NA
"1356","33_1",NA,NA,NA,NA,NA,NA,NA,NA,NA,NA,NA,NA,NA
"1357","34_1",NA,NA,NA,NA,NA,NA,NA,NA,NA,NA,NA,NA,NA
"1358","35_1",NA,NA,NA,NA,NA,NA,NA,NA,NA,NA,NA,NA,NA
"1359","36_1",NA,NA,NA,NA,NA,NA,NA,NA,NA,NA,NA,NA,NA
"1360","37_1",NA,NA,NA,NA,NA,NA,NA,NA,NA,NA,NA,NA,NA
"1361","38_1",NA,NA,NA,NA,NA,NA,NA,NA,NA,NA,NA,NA,NA
"1362","39_1",NA,NA,NA,NA,NA,NA,NA,NA,NA,NA,NA,NA,NA
"1363","4_1",0.0195653379506679,23.5619612168567,0.0217032912367958,-0.00213795328612793,NA,NA,NA,NA,NA,NA,NA,NA,NA
"1364","4_1",0.0230702397604245,45.9149531385756,0.0229145992538545,0.000155640506570041,NA,NA,NA,NA,NA,NA,NA,NA,NA
"1365","4_1",0.0247857191272252,69.5138858935098,0.0243750553469852,0.000410663780239975,NA,NA,NA,NA,NA,NA,NA,NA,NA
"1366","4_1",0.0264975013402187,94.3550623278517,0.026101506020109,0.000395995320109706,NA,NA,NA,NA,NA,NA,NA,NA,NA
"1367","4_1",0.0317807341315079,119.188844454578,0.0279908948201205,0.00378983931138744,NA,NA,NA,NA,NA,NA,NA,NA,NA
"1368","4_1",0.0299247629200121,142.795171517127,0.0298941343981055,3.06285219066442e-05,NA,NA,NA,NA,NA,NA,NA,NA,NA
"1369","4_1",0.0334259675759612,166.390407118254,0.0318463023786267,0.00157966519733447,NA,NA,NA,NA,NA,NA,NA,NA,NA
"1370","4_1",0.0315699963644656,189.996734180803,0.0337894486022944,-0.00221945223782878,NA,NA,NA,NA,NA,NA,NA,NA,NA
"1371","4_1",0.0332817785774586,214.837910615145,0.0357592240369649,-0.00247744545950625,NA,NA,NA,NA,NA,NA,NA,NA,NA
"1372","4_1",0.0367829832334075,238.433146216271,0.0375065303915243,-0.000723547158116795,NA,NA,NA,NA,NA,NA,NA,NA,NA
"1373","4_1",0.0367127373110601,262.035776125013,0.0390961643562533,-0.0023834270451932,NA,NA,NA,NA,NA,NA,NA,NA,NA
"1374","4_1",0.0419959701023493,286.86955825174,0.0405741965350694,0.00142177356727986,NA,NA,NA,NA,NA,NA,NA,NA,NA
"1375","4_1",0.040139998890854,310.475885314289,0.041786915194191,-0.00164691630333698,NA,NA,NA,NA,NA,NA,NA,NA,NA
"1376","4_1",0.0454232316821435,335.309667441015,0.042865958760876,0.00255727292126755,NA,NA,NA,NA,NA,NA,NA,NA,NA
"1377","4_1",0.0453529857597961,358.912297349757,0.043718441639609,0.00163454412018707,NA,NA,NA,NA,NA,NA,NA,NA,NA
"1378","4_1",0.041711289259152,382.522321566115,0.0444208585326042,-0.00270956927345225,NA,NA,NA,NA,NA,NA,NA,NA,NA
"1379","4_1",0.0434230714721449,407.363498000456,0.0450195903425055,-0.00159651887036057,NA,NA,NA,NA,NA,NA,NA,NA,NA
"1380","4_1",0.0469242761280941,430.958733601583,0.0454758023698147,0.00144847375827935,NA,NA,NA,NA,NA,NA,NA,NA,NA
"1381","4_1",0.0539932342085316,455.788818574501,0.0458581283692645,0.0081351058392671,NA,NA,NA,NA,NA,NA,NA,NA,NA
"1382","4_1",0.0521372629970362,479.395145637051,0.0461456913578435,0.00599157163919268,NA,NA,NA,NA,NA,NA,NA,NA,NA
"1383","4_1",0.0449241159180958,503.012564161024,0.0463736106453472,-0.00144949472725137,NA,NA,NA,NA,NA,NA,NA,NA,NA
"1384","4_1",0.0466395952848966,526.611496915958,0.0465533766964139,8.62185884826921e-05,NA,NA,NA,NA,NA,NA,NA,NA,NA
"1385","4_1",0.0394227510521483,551.471159119338,0.0467015202143477,-0.0072787691621994,NA,NA,NA,NA,NA,NA,NA,NA,NA
"1386","4_1",0.0429202585542896,576.308638399872,0.0468162711425615,-0.00389601258827188,NA,NA,NA,NA,NA,NA,NA,NA,NA
"1387","4_1",0.0464214632102387,599.903874000999,0.0469011539316062,-0.000479690721367512,NA,NA,NA,NA,NA,NA,NA,NA,NA
"1388","4_1",0.0481369425770395,623.502806755933,0.0469676077221513,0.00116933485488825,NA,NA,NA,NA,NA,NA,NA,NA,NA
"1389","4_1",0.0462809713655439,647.109133818483,0.0470195832298117,-0.000738611864267803,NA,NA,NA,NA,NA,NA,NA,NA,NA
"1390","4_1",0.0479927535785369,671.950310252824,0.0470620464713472,0.000930707107189746,NA,NA,NA,NA,NA,NA,NA,NA,NA
"1391","40_1",NA,NA,NA,NA,NA,NA,NA,NA,NA,NA,NA,NA,NA
"1392","41_1",NA,NA,NA,NA,NA,NA,NA,NA,NA,NA,NA,NA,NA
"1393","42_1",NA,NA,NA,NA,NA,NA,NA,NA,NA,NA,NA,NA,NA
"1394","43_1",NA,NA,NA,NA,NA,NA,NA,NA,NA,NA,NA,NA,NA
"1395","44_1",NA,NA,NA,NA,NA,NA,NA,NA,NA,NA,NA,NA,NA
"1396","45_1",NA,NA,NA,NA,NA,NA,NA,NA,NA,NA,NA,NA,NA
"1397","46_1",NA,NA,NA,NA,NA,NA,NA,NA,NA,NA,NA,NA,NA
"1398","47_1",NA,NA,NA,NA,NA,NA,NA,NA,NA,NA,NA,NA,NA
"1399","48_1",NA,NA,NA,NA,NA,NA,NA,NA,NA,NA,NA,NA,NA
"1400","49_1",NA,NA,NA,NA,NA,NA,NA,NA,NA,NA,NA,NA,NA
"1401","5_1",NA,NA,NA,NA,NA,NA,NA,NA,NA,NA,NA,NA,NA
"1402","50_1",2.71828182845905,3.09278350515464,169.506166124315,-166.787884295856,NA,NA,NA,NA,NA,NA,NA,NA,NA
"1403","50_1",9.40563518240771,26.2886597938144,169.506166124315,-160.100530941907,NA,NA,NA,NA,NA,NA,NA,NA,NA
"1404","50_1",131.197455647623,52.5773195876289,169.506166124315,-38.3087104766918,NA,NA,NA,NA,NA,NA,NA,NA,NA
"1405","50_1",173.055244356558,64.9484536082474,169.506166124315,3.5490782322432,NA,NA,NA,NA,NA,NA,NA,NA,NA
"1406","50_1",255.980337707879,92.7835051546392,169.506166124315,86.4741715835642,NA,NA,NA,NA,NA,NA,NA,NA,NA
"1407","50_1",295.399476201036,190.20618556701,169.506166124315,125.893310076721,NA,NA,NA,NA,NA,NA,NA,NA,NA
"1408","50_1",251.138247462262,213.40206185567,169.506166124315,81.6320813379472,NA,NA,NA,NA,NA,NA,NA,NA,NA
"1409","50_1",237.154633339549,236.59793814433,169.506166124315,67.6484672152342,NA,NA,NA,NA,NA,NA,NA,NA,NA
"1410","52_1",2.74436174034663,3.09278350515464,2.74435896871783,2.77162880246706e-06,NA,NA,NA,NA,NA,NA,NA,NA,NA
"1411","52_1",2.74436174034663,23.1958762886598,2.74435896871783,2.77162880246706e-06,NA,NA,NA,NA,NA,NA,NA,NA,NA
"1412","52_1",2.74436174034663,46.3917525773196,2.74435896882868,2.77151794669805e-06,NA,NA,NA,NA,NA,NA,NA,NA,NA
"1413","52_1",13.3912918637874,115.979381443299,14.2644994153714,-0.873207551583977,NA,NA,NA,NA,NA,NA,NA,NA,NA
"1414","52_1",29.0214620025349,142.268041237113,27.2762492814973,1.7452127210376,NA,NA,NA,NA,NA,NA,NA,NA,NA
"1415","52_1",39.3930186601159,168.556701030928,40.2750474966276,-0.88202883651168,NA,NA,NA,NA,NA,NA,NA,NA,NA
"1416","52_1",42.9280468893443,191.752577319588,44.6264914691855,-1.69844457984124,NA,NA,NA,NA,NA,NA,NA,NA,NA
"1417","52_1",46.3357421490507,218.041237113402,44.62728256701,1.70845958204072,NA,NA,NA,NA,NA,NA,NA,NA,NA
"1418","53_1",NA,NA,NA,NA,NA,NA,NA,NA,NA,NA,NA,NA,NA
"1419","54_1",NA,NA,NA,NA,NA,NA,NA,NA,NA,NA,NA,NA,NA
"1420","55_1",NA,NA,NA,NA,NA,NA,NA,NA,NA,NA,NA,NA,NA
"1421","56_1",2.77052535688952,3.10334013571435,122.273405264436,-119.502879907546,NA,NA,NA,NA,NA,NA,NA,NA,NA
"1422","56_1",5.54755104252322,26.2202244331223,122.273405264436,-116.725854221913,NA,NA,NA,NA,NA,NA,NA,NA,NA
"1423","56_1",60.8953599656254,41.0769881056808,122.273405264436,-61.3780452988104,NA,NA,NA,NA,NA,NA,NA,NA,NA
"1424","56_1",80.2408589295325,53.4330813876857,122.273405264436,-42.0325463349033,NA,NA,NA,NA,NA,NA,NA,NA,NA
"1425","56_1",181.930037358359,120.037632771417,122.273405264436,59.6566320939232,NA,NA,NA,NA,NA,NA,NA,NA,NA
"1426","56_1",189.009000580346,129.353107203403,122.273405264436,66.7355953159102,NA,NA,NA,NA,NA,NA,NA,NA,NA
"1427","56_1",171.911401745612,144.924348130406,122.273405264436,49.6379964811762,NA,NA,NA,NA,NA,NA,NA,NA,NA
"1428","56_1",207.924797483952,149.532999122811,122.273405264436,85.6513922195162,NA,NA,NA,NA,NA,NA,NA,NA,NA
"1429","56_1",200.231050233015,169.75106921612,122.273405264436,77.9576449685792,NA,NA,NA,NA,NA,NA,NA,NA,NA
"1430","57_1",NA,NA,NA,NA,NA,NA,NA,NA,NA,NA,NA,NA,NA
"1431","58_1",NA,NA,NA,NA,NA,NA,NA,NA,NA,NA,NA,NA,NA
"1432","59_1",2.74438581209762,1.56249999999994,2.74000629896432,0.0043795131333022,NA,NA,NA,NA,NA,NA,NA,NA,NA
"1433","59_1",2.74356199050978,20.3125,2.74004396108531,0.00351802942447321,NA,NA,NA,NA,NA,NA,NA,NA,NA
"1434","59_1",2.74246394639944,45.3125,2.74009417194294,0.00236977445649922,NA,NA,NA,NA,NA,NA,NA,NA,NA
"1435","59_1",2.74136634175462,70.3124999999999,2.74014437673972,0.00122196501489924,NA,NA,NA,NA,NA,NA,NA,NA,NA
"1436","59_1",2.74033773636762,93.7499999999999,2.7401914382327,0.000146298134918066,NA,NA,NA,NA,NA,NA,NA,NA,NA
"1437","59_1",2.73711727139255,167.1875,2.74033886309068,-0.00322159169813396,NA,NA,NA,NA,NA,NA,NA,NA,NA
"1438","59_1",2.73615871574022,189.0625,2.74038276677267,-0.00422405103244561,NA,NA,NA,NA,NA,NA,NA,NA,NA
"1439","59_1",2.73506363461096,214.0625,2.74043293673013,-0.00536930211916964,NA,NA,NA,NA,NA,NA,NA,NA,NA
"1440","59_1",2.73396899176135,239.0625,2.74048310063042,-0.00651410886907433,NA,NA,NA,NA,NA,NA,NA,NA,NA
"1441","59_1",2.73294316198079,262.5,2.7405301237863,-0.00758696180550578,NA,NA,NA,NA,NA,NA,NA,NA,NA
"1442","59_1",2.75732469363102,307.8125,2.74062102012841,0.0167036735026085,NA,NA,NA,NA,NA,NA,NA,NA,NA
"1443","59_1",2.72986798150992,332.8125,2.74067116131918,-0.0108031798092618,NA,NA,NA,NA,NA,NA,NA,NA,NA
"1444","59_1",2.75504910095099,359.375,2.74072442970037,0.0143246712506206,NA,NA,NA,NA,NA,NA,NA,NA,NA
"1445","59_1",2.72570492727999,428.125,2.74086226907004,-0.0151573417900495,NA,NA,NA,NA,NA,NA,NA,NA,NA
"1446","59_1",2.75084764546265,454.6875,2.74091551293085,0.00993213253180159,NA,NA,NA,NA,NA,NA,NA,NA,NA
"1447","59_1",2.72352356937694,478.125,2.74096248713434,-0.0174389177573988,NA,NA,NA,NA,NA,NA,NA,NA,NA
"1448","59_1",2.7487837068933,501.5625,2.74100945601921,0.00777425087408812,NA,NA,NA,NA,NA,NA,NA,NA,NA
"1449","59_1",2.74768357291769,526.5625,2.74105955030128,0.0066240226164056,NA,NA,NA,NA,NA,NA,NA,NA,NA
"1450","59_1",2.7445231397437,598.4375,2.74120353766181,0.00331960208188686,NA,NA,NA,NA,NA,NA,NA,NA,NA
"1451","6_1",0.0238517518664429,1.1045364891518,0.0277968387083771,-0.0039450868419342,NA,NA,NA,NA,NA,NA,NA,NA,NA
"1452","6_1",0.0344461360580521,1.93293885601574,0.0319261600344972,0.00251997602355494,NA,NA,NA,NA,NA,NA,NA,NA,NA
"1453","6_1",0.0450248248656739,3.58974358974353,0.0436621456827948,0.00136267918287912,NA,NA,NA,NA,NA,NA,NA,NA,NA
"1454","6_1",0.0635610733549929,5.2465483234713,0.0604798420821711,0.0030812312728218,NA,NA,NA,NA,NA,NA,NA,NA,NA
"1455","6_1",0.0794448019504133,6.9033530571991,0.0810664170982259,-0.00162161514781263,NA,NA,NA,NA,NA,NA,NA,NA,NA
"1456","6_1",0.0953285305458333,8.56015779092695,0.101913163275362,-0.00658463272952862,NA,NA,NA,NA,NA,NA,NA,NA,NA
"1457","6_1",0.119180282412276,9.66469428007881,0.114063597094878,0.00511668531739821,NA,NA,NA,NA,NA,NA,NA,NA,NA
"1458","6_1",0.193178786119002,24.0236686390532,0.149432364181406,0.0437464219375961,NA,NA,NA,NA,NA,NA,NA,NA,NA
"1459","6_1",0.198033891565824,47.7712031558185,0.149624242957469,0.0484096486083554,NA,NA,NA,NA,NA,NA,NA,NA,NA
"1460","6_1",0.184316125960688,71.7948717948717,0.149624263509999,0.0346918624506891,NA,NA,NA,NA,NA,NA,NA,NA,NA
"1461","6_1",0.165293320567754,95.818540433925,0.149624263511974,0.0156690570557798,NA,NA,NA,NA,NA,NA,NA,NA,NA
"1462","6_1",0.0852573258204763,120.118343195266,0.149624263511974,-0.0643669376914979,NA,NA,NA,NA,NA,NA,NA,NA,NA
"1463","6_1",0.0715447920100034,143.865877712032,0.149624263511974,-0.0780794715019708,NA,NA,NA,NA,NA,NA,NA,NA,NA
"1464","60_1",2.77080979773788,3.12499999999997,85.4023716101027,-82.6315618123648,NA,NA,NA,NA,NA,NA,NA,NA,NA
"1465","60_1",8.04683772317176,20.3124999999999,85.4023716101027,-77.355533886931,NA,NA,NA,NA,NA,NA,NA,NA,NA
"1466","60_1",58.2017789717054,49.9999999999999,85.4023716101027,-27.2005926383973,NA,NA,NA,NA,NA,NA,NA,NA,NA
"1467","60_1",89.6193017055595,92.1874999999999,85.4023716101027,4.21693009545679,NA,NA,NA,NA,NA,NA,NA,NA,NA
"1468","60_1",121.739041122951,162.5,85.4023716101027,36.3366695128483,NA,NA,NA,NA,NA,NA,NA,NA,NA
"1469","60_1",122.865072417531,187.5,85.4023716101027,37.4627008074283,NA,NA,NA,NA,NA,NA,NA,NA,NA
"1470","60_1",132.627599549821,212.5,85.4023716101027,47.2252279397183,NA,NA,NA,NA,NA,NA,NA,NA,NA
"1471","60_1",147.348512731609,239.0625,85.4023716101027,61.9461411215063,NA,NA,NA,NA,NA,NA,NA,NA,NA
"1472","61_1",NA,NA,NA,NA,NA,NA,NA,NA,NA,NA,NA,NA,NA
"1473","62_1",NA,NA,NA,NA,NA,NA,NA,NA,NA,NA,NA,NA,NA
"1474","63_1",2.7443171508514,3.125,3.00443715965314,-0.260120008801739,NA,NA,NA,NA,NA,NA,NA,NA,NA
"1475","63_1",3.35696146125716,18.75,3.01049034048876,0.346471120768403,NA,NA,NA,NA,NA,NA,NA,NA,NA
"1476","63_1",4.26650256434448,45.3124999999999,4.71432890564563,-0.447826341301151,NA,NA,NA,NA,NA,NA,NA,NA,NA
"1477","63_1",6.57171258096962,67.1874999999999,9.94584615174751,-3.37413357077789,NA,NA,NA,NA,NA,NA,NA,NA,NA
"1478","63_1",10.5179549848468,95.3124999999999,16.9263764246196,-6.40842143977283,NA,NA,NA,NA,NA,NA,NA,NA,NA
"1479","63_1",43.546062179377,167.1875,34.7679780089743,8.77808417040273,NA,NA,NA,NA,NA,NA,NA,NA,NA
"1480","63_1",39.1642072231345,190.625,40.5858918622174,-1.42168463908287,NA,NA,NA,NA,NA,NA,NA,NA,NA
"1481","63_1",43.0973437285773,214.0625,46.4038057154605,-3.30646198688318,NA,NA,NA,NA,NA,NA,NA,NA,NA
"1482","63_1",66.353138776641,264.0625,58.8153552690458,7.53778350759522,NA,NA,NA,NA,NA,NA,NA,NA,NA
"1483","63_1",72.9893759354027,310.9375,70.451182975532,2.53819295987068,NA,NA,NA,NA,NA,NA,NA,NA,NA
"1484","63_1",78.7908860564649,334.375,76.2690968287751,2.52178922768977,NA,NA,NA,NA,NA,NA,NA,NA,NA
"1485","63_1",85.0492693800554,360.9375,82.8627325291173,2.1865368509381,NA,NA,NA,NA,NA,NA,NA,NA,NA
"1486","63_1",98.1247856421993,429.6875,99.9286126955975,-1.80382705339819,NA,NA,NA,NA,NA,NA,NA,NA,NA
"1487","63_1",104.908765005012,454.6875,106.134155184677,-1.22539017966496,NA,NA,NA,NA,NA,NA,NA,NA,NA
"1488","63_1",105.879123826485,479.6875,112.230977741857,-6.35185391537206,NA,NA,NA,NA,NA,NA,NA,NA,NA
"1489","63_1",115.401101274884,501.5625,114.462499129934,0.938602144949783,NA,NA,NA,NA,NA,NA,NA,NA,NA
"1490","63_1",114.251967542654,526.5625,114.499708703224,-0.247741160570314,NA,NA,NA,NA,NA,NA,NA,NA,NA
"1491","64_1",2.74399648575623,3.13649903627126,2.74084836080809,0.00314812494814376,NA,NA,NA,NA,NA,NA,NA,NA,NA
"1492","64_1",2.7415370262926,21.8854038899597,2.7408710920378,0.000665934254795442,NA,NA,NA,NA,NA,NA,NA,NA,NA
"1493","64_1",2.73826117577539,46.8839436948776,2.74090830213474,-0.00264712635935194,NA,NA,NA,NA,NA,NA,NA,NA,NA
"1494","64_1",2.73539801768144,68.7576660241808,2.74094880044214,-0.0055507827606962,NA,NA,NA,NA,NA,NA,NA,NA,NA
"1495","64_1",2.72295772781862,164.06459903043,2.74126326917761,-0.0183055413589939,NA,NA,NA,NA,NA,NA,NA,NA,NA
"1496","64_1",2.74604772067349,187.512411658198,2.74139383348759,0.00465388718589965,NA,NA,NA,NA,NA,NA,NA,NA,NA
"1497","64_1",2.7425615330565,214.073360200923,2.74158069325946,0.000980839797042776,NA,NA,NA,NA,NA,NA,NA,NA,NA
"1498","64_1",2.7396938784584,235.947082530226,2.7417734180855,-0.00207953962709517,NA,NA,NA,NA,NA,NA,NA,NA,NA
"1499","64_1",2.76230647496203,264.082121371415,2.74208676083449,0.0202197141275429,NA,NA,NA,NA,NA,NA,NA,NA,NA
"1500","64_1",2.75653289471941,307.829566030022,2.74277065505426,0.0137622396651547,NA,NA,NA,NA,NA,NA,NA,NA,NA
"1501","64_1",2.75365063150121,329.703288359325,2.74323247474956,0.010418156751649,NA,NA,NA,NA,NA,NA,NA,NA,NA
"1502","64_1",2.72377174837678,357.814964079201,2.74398235336917,-0.0202106049923869,NA,NA,NA,NA,NA,NA,NA,NA,NA
"1503","64_1",2.74092250594568,426.572630103382,2.74690098051136,-0.00597847456567813,NA,NA,NA,NA,NA,NA,NA,NA,NA
"1504","64_1",2.73723827544586,454.695987383915,2.74874640468059,-0.0115081292347261,NA,NA,NA,NA,NA,NA,NA,NA,NA
"1505","64_1",2.76044936373285,478.143800011682,2.75069835035107,0.00975101338177886,NA,NA,NA,NA,NA,NA,NA,NA,NA
"1506","64_1",2.75756300540859,500.017522340985,2.75294293728765,0.00462006812093563,NA,NA,NA,NA,NA,NA,NA,NA,NA
"1507","64_1",2.75426800551952,525.016062145903,2.75612856808816,-0.00186056256864209,NA,NA,NA,NA,NA,NA,NA,NA,NA
"1508","64_1",2.77098952725797,598.460954383506,2.77106844456314,-7.89173051662928e-05,NA,NA,NA,NA,NA,NA,NA,NA,NA
"1509","65_1",NA,NA,NA,NA,NA,NA,NA,NA,NA,NA,NA,NA,NA
"1510","66_1",NA,NA,NA,NA,NA,NA,NA,NA,NA,NA,NA,NA,NA
"1511","67_1",NA,NA,NA,NA,NA,NA,NA,NA,NA,NA,NA,NA,NA
"1512","68_1",NA,NA,NA,NA,NA,NA,NA,NA,NA,NA,NA,NA,NA
"1513","69_1",NA,NA,NA,NA,NA,NA,NA,NA,NA,NA,NA,NA,NA
"1514","7_1",0.0160427807486627,0.00445632798576412,0.00482625860450596,0.0112165221441567,NA,NA,NA,NA,NA,NA,NA,NA,NA
"1515","7_1",0.0267379679144382,0.840760546642883,0.0269385337395751,-0.000200565825136917,NA,NA,NA,NA,NA,NA,NA,NA,NA
"1516","7_1",0.0427807486631009,2.23410576351748,0.0593426672526768,-0.0165619185895759,NA,NA,NA,NA,NA,NA,NA,NA,NA
"1517","7_1",0.0614973262032081,3.62819370172309,0.0872362550766798,-0.0257389288734717,NA,NA,NA,NA,NA,NA,NA,NA,NA
"1518","7_1",0.0909090909090908,5.02525252525251,0.111544907330487,-0.0206358164213959,NA,NA,NA,NA,NA,NA,NA,NA,NA
"1519","7_1",0.117647058823529,6.14379084967319,0.128838111321335,-0.0111910524978064,NA,NA,NA,NA,NA,NA,NA,NA,NA
"1520","7_1",0.149732620320855,6.98603683897801,0.140770672255415,0.00896194806544043,NA,NA,NA,NA,NA,NA,NA,NA,NA
"1521","7_1",0.171122994652406,8.10308972073679,0.15533557075068,0.0157874239017263,NA,NA,NA,NA,NA,NA,NA,NA,NA
"1522","7_1",0.192513368983957,8.94236482471774,0.165437482056983,0.027075886926974,NA,NA,NA,NA,NA,NA,NA,NA,NA
"1523","7_1",0.237967914438502,10.0661021984552,0.177965085438541,0.060002828999961,NA,NA,NA,NA,NA,NA,NA,NA,NA
"1524","7_1",0.235294117647058,23.954248366013,0.275489173868263,-0.0401950562212049,NA,NA,NA,NA,NA,NA,NA,NA,NA
"1525","7_1",0.320855614973261,48.4224598930481,0.346129670407621,-0.0252740554343597,NA,NA,NA,NA,NA,NA,NA,NA,NA
"1526","7_1",0.368983957219251,72.3247177658941,0.377689562898951,-0.00870560567970041,NA,NA,NA,NA,NA,NA,NA,NA,NA
"1527","7_1",0.363636363636363,96.2121212121212,0.395894195485616,-0.0322578318492533,NA,NA,NA,NA,NA,NA,NA,NA,NA
"1528","7_1",0.441176470588235,120.122549019608,0.407751949949119,0.0334245206391159,NA,NA,NA,NA,NA,NA,NA,NA,NA
"1529","7_1",0.441176470588235,144.011437908497,0.41607235257023,0.0251041180180049,NA,NA,NA,NA,NA,NA,NA,NA,NA
"1530","70_1",NA,NA,NA,NA,NA,NA,NA,NA,NA,NA,NA,NA,NA
"1531","71_1",2.77329690344488,3.2520325203252,2.78615925347419,-0.0128623500293052,NA,NA,NA,NA,NA,NA,NA,NA,NA
"1532","71_1",2.7743455559846,14.6341463414634,2.78532115059852,-0.0109755946139209,NA,NA,NA,NA,NA,NA,NA,NA,NA
"1533","71_1",2.80333940799381,27.6422764227642,2.78449861354401,0.0188407944497997,NA,NA,NA,NA,NA,NA,NA,NA,NA
"1534","71_1",2.80485383405255,43.9024390243902,2.78362971970875,0.0212241143437999,NA,NA,NA,NA,NA,NA,NA,NA,NA
"1535","71_1",2.76395148557389,201.626016260162,2.77943151906184,-0.0154800334879548,NA,NA,NA,NA,NA,NA,NA,NA,NA
"1536","71_1",2.7658927350267,222.764227642276,2.77914249388105,-0.0132497588543528,NA,NA,NA,NA,NA,NA,NA,NA,NA
"1537","71_1",2.77531965981697,325.20325203252,2.77810993137128,-0.00279027155431288,NA,NA,NA,NA,NA,NA,NA,NA,NA
"1538","71_1",2.78372611808004,416.260162601626,2.7775085132527,0.00621760482734102,NA,NA,NA,NA,NA,NA,NA,NA,NA
"1539","71_1",2.76327983209771,494.308943089431,2.77712936753183,-0.0138495354341219,NA,NA,NA,NA,NA,NA,NA,NA,NA
"1540","71_1",2.79970812076618,588.617886178862,2.77677886951253,0.0229292512536539,NA,NA,NA,NA,NA,NA,NA,NA,NA
"1541","72_1",2.74565157613925,1.6260162601626,2.74803339741319,-0.00238182127394415,NA,NA,NA,NA,NA,NA,NA,NA,NA
"1542","72_1",2.75694448257818,125.20325203252,2.74983496959778,0.00710951298039619,NA,NA,NA,NA,NA,NA,NA,NA,NA
"1543","72_1",2.76156412575191,175.609756097561,2.75107587038247,0.0104882553694421,NA,NA,NA,NA,NA,NA,NA,NA,NA
"1544","72_1",2.74054046775945,245.528455284553,2.75358260248442,-0.0130421347249712,NA,NA,NA,NA,NA,NA,NA,NA,NA
"1545","72_1",2.74261339263086,268.292682926829,2.75465910575854,-0.0120457131276828,NA,NA,NA,NA,NA,NA,NA,NA,NA
"1546","72_1",2.77232350957568,292.682926829268,2.75598964270167,0.0163338668740103,NA,NA,NA,NA,NA,NA,NA,NA,NA
"1547","72_1",2.74958397197319,344.715447154471,2.75956787575955,-0.00998390378636094,NA,NA,NA,NA,NA,NA,NA,NA,NA
"1548","72_1",2.75151513046454,365.853658536585,2.76136525198853,-0.009850121523995,NA,NA,NA,NA,NA,NA,NA,NA,NA
"1549","72_1",2.78553081218428,435.772357723577,2.7691268993213,0.0164039128629803,NA,NA,NA,NA,NA,NA,NA,NA,NA
"1550","72_1",2.78748721778443,456.910569105691,2.77213197139899,0.0153552463854427,NA,NA,NA,NA,NA,NA,NA,NA,NA
"1551","72_1",2.76193701475075,479.674796747967,2.77577277213751,-0.0138357573867616,NA,NA,NA,NA,NA,NA,NA,NA,NA
"1552","72_1",2.764772617086,510.569105691057,2.78145673733157,-0.0166841202455688,NA,NA,NA,NA,NA,NA,NA,NA,NA
"1553","72_1",2.79411909975549,528.455284552846,2.78517455497297,0.00894454478251872,NA,NA,NA,NA,NA,NA,NA,NA,NA
"1554","72_1",2.79653460320673,554.471544715447,2.79118898985552,0.00534561335121131,NA,NA,NA,NA,NA,NA,NA,NA,NA
"1555","72_1",2.79864988163481,577.235772357723,2.79707915500775,0.00157072662705549,NA,NA,NA,NA,NA,NA,NA,NA,NA
"1556","72_1",2.8007667600441,600,2.80358736235085,-0.00282060230674741,NA,NA,NA,NA,NA,NA,NA,NA,NA
"1557","73_1",NA,NA,NA,NA,NA,NA,NA,NA,NA,NA,NA,NA,NA
"1558","74_1",NA,NA,NA,NA,NA,NA,NA,NA,NA,NA,NA,NA,NA
"1559","75_1",2.74697898904412,3.46826688364524,167.405452173212,-164.658473184168,NA,NA,NA,NA,NA,NA,NA,NA,NA
"1560","75_1",13.9471307595808,25.772986167616,167.405452173212,-153.458321413632,NA,NA,NA,NA,NA,NA,NA,NA,NA
"1561","75_1",192.259446785758,45.5756712774613,167.405452173212,24.8539946125456,NA,NA,NA,NA,NA,NA,NA,NA,NA
"1562","75_1",180.342070476585,52.4308380797396,167.405452173212,12.9366183033725,NA,NA,NA,NA,NA,NA,NA,NA,NA
"1563","75_1",242.67460505204,70.0061025223759,167.405452173212,75.2691528788275,NA,NA,NA,NA,NA,NA,NA,NA,NA
"1564","75_1",258.568504266318,78.7123677786818,167.405452173212,91.1630520931055,NA,NA,NA,NA,NA,NA,NA,NA,NA
"1565","75_1",281.299425104086,99.5423108218064,167.405452173212,113.893972930874,NA,NA,NA,NA,NA,NA,NA,NA,NA
"1566","76_1",NA,NA,NA,NA,NA,NA,NA,NA,NA,NA,NA,NA,NA
"1567","77_1",2.71811538026665,1.7290480065094,2.7036202179979,0.0144951622687461,NA,NA,NA,NA,NA,NA,NA,NA,NA
"1568","77_1",2.7111337519552,74.3490642799023,2.70450697968911,0.00662677226609176,NA,NA,NA,NA,NA,NA,NA,NA,NA
"1569","77_1",2.70947410436722,91.6395443449959,2.70474283234816,0.00473127201906243,NA,NA,NA,NA,NA,NA,NA,NA,NA
"1570","77_1",2.7074838682871,112.388120423108,2.70504026341999,0.00244360486710882,NA,NA,NA,NA,NA,NA,NA,NA,NA
"1571","77_1",2.70450125493496,143.510984540277,2.70551872662416,-0.00101747168920463,NA,NA,NA,NA,NA,NA,NA,NA,NA
"1572","77_1",2.69920694172255,198.840520748576,2.70648061309572,-0.00727367137317181,NA,NA,NA,NA,NA,NA,NA,NA,NA
"1573","77_1",2.69227388077171,271.460537021969,2.70801771753256,-0.0157438367608513,NA,NA,NA,NA,NA,NA,NA,NA,NA
"1574","77_1",2.68996682003754,295.6672091131,2.7086180493827,-0.0186512293451577,NA,NA,NA,NA,NA,NA,NA,NA,NA
"1575","77_1",2.6856875223971,340.622457282343,2.70988150999578,-0.0241939875986792,NA,NA,NA,NA,NA,NA,NA,NA,NA
"1576","77_1",2.73866517317607,389.056143205858,2.71151285103909,0.0271523221369843,NA,NA,NA,NA,NA,NA,NA,NA,NA
"1577","77_1",2.70508095008907,437.459316517494,2.71351708014253,-0.00843613005345611,NA,NA,NA,NA,NA,NA,NA,NA,NA
"1578","77_1",2.72928997520089,485.882831570382,2.71604153475911,0.0132484404417785,NA,NA,NA,NA,NA,NA,NA,NA,NA
"1579","77_1",2.72695119467083,510.089503661513,2.71756567877283,0.00938551589799941,NA,NA,NA,NA,NA,NA,NA,NA,NA
"1580","77_1",2.72494812084642,530.838079739626,2.71905068420011,0.00589743664631426,NA,NA,NA,NA,NA,NA,NA,NA,NA
"1581","77_1",2.72277978454915,553.315703824247,2.72088642719872,0.00189335735042917,NA,NA,NA,NA,NA,NA,NA,NA,NA
"1582","77_1",2.72044658272537,577.522375915378,2.72319048190801,-0.00274389918264184,NA,NA,NA,NA,NA,NA,NA,NA,NA
"1583","77_1",2.71811538026665,601.729048006509,2.72592698350537,-0.00781160323871966,NA,NA,NA,NA,NA,NA,NA,NA,NA
"1584","78_1",NA,NA,NA,NA,NA,NA,NA,NA,NA,NA,NA,NA,NA
"1585","79_1",2.74827930035945,74.9972296212995,3.96554896695904,-1.21726966659959,NA,NA,NA,NA,NA,NA,NA,NA,NA
"1586","79_1",2.77622976488813,97.3351009033488,3.96554896695904,-1.18931920207091,NA,NA,NA,NA,NA,NA,NA,NA,NA
"1587","79_1",3.64986656826642,124.393697491063,3.96554896695904,-0.315682398692616,NA,NA,NA,NA,NA,NA,NA,NA,NA
"1588","79_1",6.68781930467387,170.51742465596,3.96554898529407,2.7222703193798,NA,NA,NA,NA,NA,NA,NA,NA,NA
"1589","79_1",28.0938003220961,243.559382554412,29.1608825258861,-1.06708220378999,NA,NA,NA,NA,NA,NA,NA,NA,NA
"1590","79_1",45.3307937415063,268.970527274891,44.1238970573501,1.20689668415623,NA,NA,NA,NA,NA,NA,NA,NA,NA
"1591","79_1",61.9640100371882,292.827797364241,58.1719331830342,3.792076854154,NA,NA,NA,NA,NA,NA,NA,NA,NA
"1592","79_1",81.4884981812562,339.035251529865,85.3805778839362,-3.89207970267999,NA,NA,NA,NA,NA,NA,NA,NA,NA
"1593","79_1",96.2281142003892,364.525198133381,100.389993855959,-4.16187965556988,NA,NA,NA,NA,NA,NA,NA,NA,NA
"1594","79_1",115.869715629488,388.414481487714,114.456880562424,1.41283506706407,NA,NA,NA,NA,NA,NA,NA,NA,NA
"1595","79_1",130.307416068017,410.725264622469,127.592036688124,2.71537937989322,NA,NA,NA,NA,NA,NA,NA,NA,NA
"1596","79_1",132.933446020403,437.847887740151,133.689165777456,-0.755719757052731,NA,NA,NA,NA,NA,NA,NA,NA,NA
"1597","79_1",134.438790476904,530.398236807867,133.689217176408,0.749573300495655,NA,NA,NA,NA,NA,NA,NA,NA,NA
"1598","8_1",0.0193548387096775,24.3407707910748,0.0250566619228494,-0.00570182321317193,NA,NA,NA,NA,NA,NA,NA,NA,NA
"1599","8_1",0.0334310850439883,47.464503042596,0.0305019398565856,0.0029291451874027,NA,NA,NA,NA,NA,NA,NA,NA,NA
"1600","8_1",0.0422287390029326,71.8052738336711,0.0370635620351634,0.00516517696776918,NA,NA,NA,NA,NA,NA,NA,NA,NA
"1601","8_1",0.0422287390029327,94.9290060851924,0.043996666914951,-0.00176792791201832,NA,NA,NA,NA,NA,NA,NA,NA,NA
"1602","8_1",0.0545454545454545,120.486815415821,0.05225914968253,0.00228630486292452,NA,NA,NA,NA,NA,NA,NA,NA,NA
"1603","8_1",0.0633431085043988,143.610547667343,0.0600356852481648,0.00330742325623397,NA,NA,NA,NA,NA,NA,NA,NA,NA
"1604","8_1",0.0633431085043989,167.951318458418,0.0682348132792062,-0.00489170477480731,NA,NA,NA,NA,NA,NA,NA,NA,NA
"1605","8_1",0.0721407624633433,191.075050709939,0.0757627418520141,-0.00362197938867084,NA,NA,NA,NA,NA,NA,NA,NA,NA
"1606","8_1",0.0809384164222875,215.415821501014,0.0831568480578041,-0.0022184316355166,NA,NA,NA,NA,NA,NA,NA,NA,NA
"1607","8_1",0.0932551319648094,239.756592292089,0.0898162360745911,0.0034388958902183,NA,NA,NA,NA,NA,NA,NA,NA,NA
"1608","8_1",0.0950146627565984,262.88032454361,0.0953614579621826,-0.000346795205584255,NA,NA,NA,NA,NA,NA,NA,NA,NA
"1609","8_1",0.103812316715543,288.438133874239,0.100574005573622,0.0032383111419215,NA,NA,NA,NA,NA,NA,NA,NA,NA
"1610","8_1",0.105571847507331,311.56186612576,0.104492799733532,0.00107904777379868,NA,NA,NA,NA,NA,NA,NA,NA,NA
"1611","8_1",0.102052785923754,335.902636916835,0.107873604018494,-0.00582081809474044,NA,NA,NA,NA,NA,NA,NA,NA,NA
"1612","8_1",0.109090909090909,360.243407707911,0.110587483831064,-0.00149657474015531,NA,NA,NA,NA,NA,NA,NA,NA,NA
"1613","8_1",0.110850439882698,383.367139959432,0.112642718235762,-0.00179227835306367,NA,NA,NA,NA,NA,NA,NA,NA,NA
"1614","8_1",0.109090909090909,407.707910750507,0.114351384926574,-0.00526047583566526,NA,NA,NA,NA,NA,NA,NA,NA,NA
"1615","8_1",0.121407624633431,432.048681541582,0.115681931059101,0.00572569357433014,NA,NA,NA,NA,NA,NA,NA,NA,NA
"1616","8_1",0.130205278592375,455.172413793103,0.116666192672907,0.0135390859194681,NA,NA,NA,NA,NA,NA,NA,NA,NA
"1617","8_1",0.12316715542522,479.513184584178,0.117469626756006,0.00569752866921441,NA,NA,NA,NA,NA,NA,NA,NA,NA
"1618","8_1",0.119648093841642,503.853955375253,0.118086151561474,0.0015619422801685,NA,NA,NA,NA,NA,NA,NA,NA,NA
"1619","8_1",0.121407624633431,526.977687626775,0.118537185119695,0.00287043951373553,NA,NA,NA,NA,NA,NA,NA,NA,NA
"1620","8_1",0.114369501466276,551.31845841785,0.118902227403878,-0.00453272593760223,NA,NA,NA,NA,NA,NA,NA,NA,NA
"1621","8_1",0.117888563049853,575.659229208925,0.119180462181903,-0.00129189913205048,NA,NA,NA,NA,NA,NA,NA,NA,NA
"1622","8_1",0.116129032258064,598.782961460445,0.119382984002025,-0.00325395174396063,NA,NA,NA,NA,NA,NA,NA,NA,NA
"1623","8_1",0.112609970674487,624.340770791075,0.119553309444434,-0.00694333876994732,NA,NA,NA,NA,NA,NA,NA,NA,NA
"1624","8_1",0.119648093841642,647.464503042596,0.11967033632642,-2.22424847782093e-05,NA,NA,NA,NA,NA,NA,NA,NA,NA
"1625","8_1",0.117888563049853,671.805273833671,0.119764563031453,-0.00187599998159955,NA,NA,NA,NA,NA,NA,NA,NA,NA
"1626","80_1",NA,NA,NA,NA,NA,NA,NA,NA,NA,NA,NA,NA,NA
"1627","81_1",NA,NA,NA,NA,NA,NA,NA,NA,NA,NA,NA,NA,NA
"1628","82_1",NA,NA,NA,NA,NA,NA,NA,NA,NA,NA,NA,NA,NA
"1629","83_1",2.74500118680927,1.59327557264757,2.74500317147756,-1.9846682888236e-06,NA,NA,NA,NA,NA,NA,NA,NA,NA
"1630","83_1",34.7245519997199,75.9527024531191,37.8263582938786,-3.10180629415874,NA,NA,NA,NA,NA,NA,NA,NA,NA
"1631","83_1",93.9997992832479,123.573665395713,88.8702932214724,5.1295060617755,NA,NA,NA,NA,NA,NA,NA,NA,NA
"1632","83_1",120.015723660659,150.639649659962,117.881767458166,2.13395620249304,NA,NA,NA,NA,NA,NA,NA,NA,NA
"1633","83_1",137.629303885105,172.945507677027,141.790959855215,-4.16165597010979,NA,NA,NA,NA,NA,NA,NA,NA,NA
"1634","83_1",181.075322929622,246.280510078022,184.419973020192,-3.34465009057027,NA,NA,NA,NA,NA,NA,NA,NA,NA
"1635","83_1",188.34936809242,268.610993683537,184.419973020192,3.92939507222775,NA,NA,NA,NA,NA,NA,NA,NA,NA
"1636","83_1",175.980445977267,290.968565436345,184.419973020192,-8.43952704292525,NA,NA,NA,NA,NA,NA,NA,NA,NA
"1637","83_1",192.27475508146,337.222808220022,184.419973020192,7.85478206126774,NA,NA,NA,NA,NA,NA,NA,NA,NA
"1638","84_1",0.00533333333333341,2.77136258660506,0.0132225217422632,-0.00788918840892982,NA,NA,NA,NA,NA,NA,NA,NA,NA
"1639","84_1",0.016,9.2378752886836,0.015181674439943,0.000818325560056971,NA,NA,NA,NA,NA,NA,NA,NA,NA
"1640","84_1",0.0293333333333334,24.0184757505774,0.0223226102216377,0.00701072311169573,NA,NA,NA,NA,NA,NA,NA,NA,NA
"1641","84_1",0.0480000000000003,47.1131639722864,0.0444685889585875,0.00353141104141278,NA,NA,NA,NA,NA,NA,NA,NA,NA
"1642","84_1",0.0773333333333333,71.1316397228638,0.0799789943811312,-0.00264566104779791,NA,NA,NA,NA,NA,NA,NA,NA,NA
"1643","84_1",0.101333333333333,95.1501154734411,0.109919259634519,-0.00858592630118588,NA,NA,NA,NA,NA,NA,NA,NA,NA
"1644","84_1",0.125333333333333,119.168591224019,0.124600481485682,0.000732851847650512,NA,NA,NA,NA,NA,NA,NA,NA,NA
"1645","84_1",0.152,143.187066974596,0.129921027099876,0.0220789729001244,NA,NA,NA,NA,NA,NA,NA,NA,NA
"1646","84_1",0.16,168.129330254042,0.131664214902578,0.0283357850974218,NA,NA,NA,NA,NA,NA,NA,NA,NA
"1647","84_1",0.173333333333334,191.224018475751,0.132157854041222,0.041175479292112,NA,NA,NA,NA,NA,NA,NA,NA,NA
"1648","84_1",0.168,215.242494226328,0.132318579863302,0.035681420136698,NA,NA,NA,NA,NA,NA,NA,NA,NA
"1649","84_1",0.170666666666667,239.260969976905,0.132367365895998,0.0382993007706687,NA,NA,NA,NA,NA,NA,NA,NA,NA
"1650","84_1",0.162666666666667,264.203233256351,0.132382445489707,0.0302842211769599,NA,NA,NA,NA,NA,NA,NA,NA,NA
"1651","84_1",0.157333333333334,287.29792147806,0.132386639545762,0.0249466937875715,NA,NA,NA,NA,NA,NA,NA,NA,NA
"1652","84_1",0.138666666666667,312.240184757506,0.132388024491929,0.00627864217473789,NA,NA,NA,NA,NA,NA,NA,NA,NA
"1653","84_1",0.128,335.334872979215,0.132388409629971,-0.00438840962997145,NA,NA,NA,NA,NA,NA,NA,NA,NA
"1654","84_1",0.12,360.277136258661,0.132388536803701,-0.0123885368037008,NA,NA,NA,NA,NA,NA,NA,NA,NA
"1655","84_1",0.106666666666667,384.295612009238,0.132388572906436,-0.0257219062397688,NA,NA,NA,NA,NA,NA,NA,NA,NA
"1656","84_1",0.0986666666666669,407.390300230947,0.132388583622955,-0.0337219169562881,NA,NA,NA,NA,NA,NA,NA,NA,NA
"1657","84_1",0.0880000000000003,432.332563510393,0.132388587161564,-0.0443885871615641,NA,NA,NA,NA,NA,NA,NA,NA,NA
"1658","84_1",0.0880000000000003,455.427251732102,0.132388588145602,-0.0443885881456019,NA,NA,NA,NA,NA,NA,NA,NA,NA
"1659","84_1",0.0773333333333337,480.369515011548,0.13238858847053,-0.0550552551371961,NA,NA,NA,NA,NA,NA,NA,NA,NA
"1660","85_1",0.00531914893617014,1.295861953426,0.00221178753647333,0.00310736139969681,NA,NA,NA,NA,NA,NA,NA,NA,NA
"1661","85_1",0.00797872340425521,3.87292678840674,0.0112816870819484,-0.00330296367769324,NA,NA,NA,NA,NA,NA,NA,NA,NA
"1662","85_1",0.0132978723404253,5.99556039537606,0.0189494291146292,-0.00565155677420391,NA,NA,NA,NA,NA,NA,NA,NA,NA
"1663","85_1",0.029255319148936,9.05637460211088,0.0302742189074808,-0.00101889975854478,NA,NA,NA,NA,NA,NA,NA,NA,NA
"1664","85_1",0.0425531914893615,12.0204389344948,0.0414826632621291,0.00107052822723243,NA,NA,NA,NA,NA,NA,NA,NA,NA
"1665","85_1",0.0638297872340425,16.6527056458368,0.0593057894118635,0.00452399782217905,NA,NA,NA,NA,NA,NA,NA,NA,NA
"1666","85_1",0.0691489361702127,19.0509298039872,0.0685990568737437,0.000549879296468964,NA,NA,NA,NA,NA,NA,NA,NA,NA
"1667","85_1",0.0877659574468084,22.2084938850728,0.0808150182804493,0.00695093916635911,NA,NA,NA,NA,NA,NA,NA,NA,NA
"1668","85_1",0.151595744680851,45.199782208075,0.161475251988516,-0.00987950730766521,NA,NA,NA,NA,NA,NA,NA,NA,NA
"1669","85_1",0.231382978723404,80.3463729267884,0.232052437655471,-0.000669458932067352,NA,NA,NA,NA,NA,NA,NA,NA,NA
"1670","85_1",0.257978723404255,108.046155134863,0.252642044263094,0.00533667914116065,NA,NA,NA,NA,NA,NA,NA,NA,NA
"1671","85_1",0.287234042553192,136.393868319652,0.260189429070889,0.0270446134823034,NA,NA,NA,NA,NA,NA,NA,NA,NA
"1672","85_1",0.25531914893617,155.626570614843,0.26218868731452,-0.00686953837835003,NA,NA,NA,NA,NA,NA,NA,NA,NA
"1673","85_1",0.242021276595745,177.465655888759,0.263214066587566,-0.0211927899918212,NA,NA,NA,NA,NA,NA,NA,NA,NA
"1674","86_1",1.04020387996506e-05,0.549019607843142,-0.0115692849794998,0.0115796870182994,NA,NA,NA,NA,NA,NA,NA,NA,NA
"1675","86_1",0.00270453008789673,2.74509803921569,0.00943949157668274,-0.00673496148878601,NA,NA,NA,NA,NA,NA,NA,NA,NA
"1676","86_1",0.00804077599209441,4.3921568627451,0.024637337417704,-0.0165965614256096,NA,NA,NA,NA,NA,NA,NA,NA,NA
"1677","86_1",0.0266240183075885,5.21568627450981,0.0320431535758807,-0.00541913526829217,NA,NA,NA,NA,NA,NA,NA,NA,NA
"1678","86_1",0.0399126228740831,6.58823529411765,0.044086154752278,-0.00417353187819488,NA,NA,NA,NA,NA,NA,NA,NA,NA
"1679","86_1",0.0558381442762781,7.13725490196079,0.0487953270050106,0.00704281727126749,NA,NA,NA,NA,NA,NA,NA,NA,NA
"1680","86_1",0.0611639881416757,8.23529411764706,0.0580235521045597,0.00314043603711597,NA,NA,NA,NA,NA,NA,NA,NA,NA
"1681","86_1",0.0717948717948718,9.33333333333334,0.0669932918219245,0.00480157997294732,NA,NA,NA,NA,NA,NA,NA,NA,NA
"1682","86_1",0.0877307952358664,10.4313725490196,0.0756996295298295,0.0120311657060369,NA,NA,NA,NA,NA,NA,NA,NA,NA
"1683","86_1",0.154298642533937,23.8823529411765,0.160652347686103,-0.0063537051521656,NA,NA,NA,NA,NA,NA,NA,NA,NA
"1684","86_1",0.229026889270297,48.0392156862745,0.23276120247439,-0.00373431320409315,NA,NA,NA,NA,NA,NA,NA,NA,NA
"1685","86_1",0.256004576897072,71.921568627451,0.254223909187853,0.00178066770921936,NA,NA,NA,NA,NA,NA,NA,NA,NA
"1686","86_1",0.285634784417746,95.8039215686275,0.260138939242148,0.0254958451755975,NA,NA,NA,NA,NA,NA,NA,NA,NA
"1687","86_1",0.254257034378738,119.686274509804,0.261724910178677,-0.00746787579993941,NA,NA,NA,NA,NA,NA,NA,NA,NA
"1688","86_1",0.246757164404223,143.843137254902,0.262149298296728,-0.0153921338925047,NA,NA,NA,NA,NA,NA,NA,NA,NA
"1689","87_1",NA,NA,NA,NA,NA,NA,NA,NA,NA,NA,NA,NA,NA
"1690","88_1",0.00540107775211629,10.1616628175517,0.00468168259714506,0.000719395154971228,NA,NA,NA,NA,NA,NA,NA,NA,NA
"1691","88_1",0.0054934565050031,24.0184757505771,0.0153669728048794,-0.00987351629987627,NA,NA,NA,NA,NA,NA,NA,NA,NA
"1692","88_1",0.0429807544264809,47.1131639722863,0.0352042610312673,0.00777649339521365,NA,NA,NA,NA,NA,NA,NA,NA,NA
"1693","88_1",0.0618075442648189,71.1316397228635,0.0579086637048406,0.0038988805599783,NA,NA,NA,NA,NA,NA,NA,NA,NA
"1694","88_1",0.0913071593533474,96.0739030023094,0.082569929155952,0.00873723019739545,NA,NA,NA,NA,NA,NA,NA,NA,NA
"1695","88_1",0.0994611239414924,119.168591224018,0.105138139790199,-0.00567701584870642,NA,NA,NA,NA,NA,NA,NA,NA,NA
"1696","88_1",0.123621247113164,143.187066974596,0.127118050951036,-0.00349680383787157,NA,NA,NA,NA,NA,NA,NA,NA,NA
"1697","88_1",0.1344480369515,167.205542725173,0.146651038377433,-0.0122030014259333,NA,NA,NA,NA,NA,NA,NA,NA,NA
"1698","88_1",0.16660816012317,191.22401847575,0.163225624975712,0.00338253514745798,NA,NA,NA,NA,NA,NA,NA,NA,NA
"1699","88_1",0.180101616628175,215.242494226328,0.176746603241083,0.00335501338709229,NA,NA,NA,NA,NA,NA,NA,NA,NA
"1700","88_1",0.188267898383371,240.184757505774,0.187784958445339,0.000482939938031723,NA,NA,NA,NA,NA,NA,NA,NA,NA
"1701","88_1",0.191094688221708,264.203233256351,0.195920889265384,-0.00482620104367565,NA,NA,NA,NA,NA,NA,NA,NA,NA
"1702","88_1",0.204588144726712,288.221709006928,0.202057571802204,0.00253057292450826,NA,NA,NA,NA,NA,NA,NA,NA,NA
"1703","88_1",0.212742109314856,311.316397228638,0.206467223716271,0.00627488559858475,NA,NA,NA,NA,NA,NA,NA,NA,NA
"1704","88_1",0.215568899153194,335.334872979215,0.209859722569532,0.00570917658366155,NA,NA,NA,NA,NA,NA,NA,NA,NA
"1705","88_1",0.221068514241723,360.277136258661,0.21241388517675,0.00865462906497313,NA,NA,NA,NA,NA,NA,NA,NA,NA
"1706","88_1",0.221222478829868,383.371824480369,0.214126911791116,0.0070955670387518,NA,NA,NA,NA,NA,NA,NA,NA,NA
"1707","88_1",0.216049268668205,407.390300230947,0.21542111546231,0.000628153205894988,NA,NA,NA,NA,NA,NA,NA,NA,NA
"1708","88_1",0.210888375673594,433.256351039261,0.216411866908336,-0.00552349123474213,NA,NA,NA,NA,NA,NA,NA,NA,NA
"1709","88_1",0.211042340261739,456.35103926097,0.21704207582673,-0.00599973556499098,NA,NA,NA,NA,NA,NA,NA,NA,NA
"1710","88_1",0.205869130100076,480.369515011547,0.217514919819698,-0.0116457897196222,NA,NA,NA,NA,NA,NA,NA,NA,NA
"1711","89_1",0.00265251989389981,0.275401671035212,0.00348789082293633,-0.00083537092903652,NA,NA,NA,NA,NA,NA,NA,NA,NA
"1712","89_1",0.00265251989389981,1.65607228247509,0.00795632946781259,-0.00530380957391278,NA,NA,NA,NA,NA,NA,NA,NA,NA
"1713","89_1",0.00530503978779917,3.31214456495013,0.0133854696134883,-0.0080804298256891,NA,NA,NA,NA,NA,NA,NA,NA,NA
"1714","89_1",0.0132625994694964,4.69061782263174,0.0179588527246418,-0.00469625325514535,NA,NA,NA,NA,NA,NA,NA,NA,NA
"1715","89_1",0.021220159151194,5.79295695802537,0.0216494079352593,-0.000429248784065282,NA,NA,NA,NA,NA,NA,NA,NA,NA
"1716","89_1",0.0291777188328912,6.89529609341892,0.0253678004519748,0.00380991838091644,NA,NA,NA,NA,NA,NA,NA,NA,NA
"1717","89_1",0.0344827586206899,7.99836768006537,0.029114842657309,0.00536791596338087,NA,NA,NA,NA,NA,NA,NA,NA,NA
"1718","89_1",0.0397877984084887,9.10143926671171,0.0328863340383657,0.00690146437012303,NA,NA,NA,NA,NA,NA,NA,NA,NA
"1719","89_1",0.0450928381962865,9.9283767310701,0.0357286622984769,0.00936417589780955,NA,NA,NA,NA,NA,NA,NA,NA,NA
"1720","89_1",0.0822281167108754,23.72482852793,0.0842812227781656,-0.00205310606729017,NA,NA,NA,NA,NA,NA,NA,NA,NA
"1721","89_1",0.159151193633953,48.0033902029413,0.165995562824485,-0.00684436919053213,NA,NA,NA,NA,NA,NA,NA,NA,NA
"1722","89_1",0.222811671087533,71.7333458896405,0.228005979248662,-0.00519430816112851,NA,NA,NA,NA,NA,NA,NA,NA,NA
"1723","89_1",0.283819628647216,95.7401681498804,0.268599646365965,0.0152199822812512,NA,NA,NA,NA,NA,NA,NA,NA,NA
"1724","89_1",0.289124668435014,120.038506008716,0.291953398272517,-0.0028287298375031,NA,NA,NA,NA,NA,NA,NA,NA,NA
"1725","89_1",0.299734748010611,144.059244842758,0.304132617125275,-0.0043978691146635,NA,NA,NA,NA,NA,NA,NA,NA,NA
"1726","9_1",NA,NA,NA,NA,NA,NA,NA,NA,NA,NA,NA,NA,NA
"1727","90_1",0.00534759358288772,0.279441117764492,-0.00578812551683899,0.0111357190997267,NA,NA,NA,NA,NA,NA,NA,NA,NA
"1728","90_1",0.0106951871657754,1.9560878243513,0.0201043327844704,-0.00940914561869495,NA,NA,NA,NA,NA,NA,NA,NA,NA
"1729","90_1",0.0454545454545454,3.07385229540924,0.0371507297711589,0.00830381568338646,NA,NA,NA,NA,NA,NA,NA,NA,NA
"1730","90_1",0.0213903743315509,3.35329341317367,0.0413733038355635,-0.0199829295040126,NA,NA,NA,NA,NA,NA,NA,NA,NA
"1731","90_1",0.0561497326203209,4.19161676646712,0.0539272174033522,0.00222251521696869,NA,NA,NA,NA,NA,NA,NA,NA,NA
"1732","90_1",0.0695187165775395,5.30938123752503,0.0703557939501798,-0.000837077372640327,NA,NA,NA,NA,NA,NA,NA,NA,NA
"1733","90_1",0.0855614973262031,6.14770459081839,0.0824056837090484,0.00315581361715467,NA,NA,NA,NA,NA,NA,NA,NA,NA
"1734","90_1",0.0962566844919786,7.2654690618763,0.0980582343382161,-0.00180154984623748,NA,NA,NA,NA,NA,NA,NA,NA,NA
"1735","90_1",0.109625668449198,7.82435129740517,0.105690798318464,0.00393487013073437,NA,NA,NA,NA,NA,NA,NA,NA,NA
"1736","90_1",0.128342245989305,8.94211576846308,0.1205367895698,0.0078054564195047,NA,NA,NA,NA,NA,NA,NA,NA,NA
"1737","90_1",0.133689839572193,10.3393213572854,0.138254060075553,-0.00456422050335964,NA,NA,NA,NA,NA,NA,NA,NA,NA
"1738","90_1",0.262032085561498,24.0319361277446,0.257931705470082,0.00410038009141639,NA,NA,NA,NA,NA,NA,NA,NA,NA
"1739","90_1",0.288770053475936,48.0638722554889,0.315596354578564,-0.0268263011026276,NA,NA,NA,NA,NA,NA,NA,NA,NA
"1740","90_1",0.377005347593583,71.8163672654691,0.322548090355102,0.0544572572384807,NA,NA,NA,NA,NA,NA,NA,NA,NA
"1741","90_1",0.33957219251337,96.127744510978,0.323340176914172,0.0162320155991978,NA,NA,NA,NA,NA,NA,NA,NA,NA
"1742","90_1",0.299465240641712,119.880239520958,0.323423931395652,-0.0239586907539402,NA,NA,NA,NA,NA,NA,NA,NA,NA
"1743","90_1",0.299465240641712,143.912175648703,0.323433333715561,-0.0239680930738495,NA,NA,NA,NA,NA,NA,NA,NA,NA
"1744","91_1",NA,NA,NA,NA,NA,NA,NA,NA,NA,NA,NA,NA,NA
"1745","92_1",0.0426666666666669,9.23787528868358,0.0509090456270588,-0.00824237896039191,NA,NA,NA,NA,NA,NA,NA,NA,NA
"1746","92_1",0.0773333333333333,23.094688221709,0.0678959937800446,0.00943733955328868,NA,NA,NA,NA,NA,NA,NA,NA,NA
"1747","92_1",0.12,47.1131639722864,0.119733381706465,0.000266618293534582,NA,NA,NA,NA,NA,NA,NA,NA,NA
"1748","92_1",0.194666666666667,71.1316397228638,0.193689853091937,0.000976813574729674,NA,NA,NA,NA,NA,NA,NA,NA,NA
"1749","92_1",0.250666666666667,95.1501154734411,0.25783962435248,-0.00717295768581266,NA,NA,NA,NA,NA,NA,NA,NA,NA
"1750","92_1",0.288,119.168591224019,0.293511047767689,-0.00551104776768946,NA,NA,NA,NA,NA,NA,NA,NA,NA
"1751","92_1",0.325333333333334,143.187066974596,0.3086246929473,0.0167086403860335,NA,NA,NA,NA,NA,NA,NA,NA,NA
"1752","92_1",0.330666666666667,167.205542725173,0.314277531836298,0.0163891348303687,NA,NA,NA,NA,NA,NA,NA,NA,NA
"1753","92_1",0.336,191.224018475751,0.316291610103607,0.0197083898963927,NA,NA,NA,NA,NA,NA,NA,NA,NA
"1754","92_1",0.336,215.242494226328,0.316996707692387,0.0190032923076131,NA,NA,NA,NA,NA,NA,NA,NA,NA
"1755","92_1",0.333333333333334,239.260969976905,0.317242027462312,0.0160913058710222,NA,NA,NA,NA,NA,NA,NA,NA,NA
"1756","92_1",0.330666666666667,263.279445727483,0.317327195791044,0.0133394708756226,NA,NA,NA,NA,NA,NA,NA,NA,NA
"1757","92_1",0.325333333333334,287.29792147806,0.317356741737226,0.00797659159610747,NA,NA,NA,NA,NA,NA,NA,NA,NA
"1758","92_1",0.32,311.316397228637,0.317366988923409,0.00263301107659125,NA,NA,NA,NA,NA,NA,NA,NA,NA
"1759","92_1",0.317333333333334,334.411085450347,0.317370464121067,-3.71307877332638e-05,NA,NA,NA,NA,NA,NA,NA,NA,NA
"1760","92_1",0.312,359.353348729792,0.317371774880096,-0.00537177488009571,NA,NA,NA,NA,NA,NA,NA,NA,NA
"1761","92_1",0.306666666666667,383.37182448037,0.317372202221772,-0.0107055355551054,NA,NA,NA,NA,NA,NA,NA,NA,NA
"1762","92_1",0.301333333333334,407.390300230947,0.317372350413107,-0.0160390170797732,NA,NA,NA,NA,NA,NA,NA,NA,NA
"1763","92_1",0.298666666666667,432.332563510393,0.317372402890978,-0.0187057362243111,NA,NA,NA,NA,NA,NA,NA,NA,NA
"1764","92_1",0.298666666666667,455.427251732102,0.31737241962243,-0.0187057529557629,NA,NA,NA,NA,NA,NA,NA,NA,NA
"1765","92_1",0.285333333333334,479.445727482679,0.317372425802073,-0.0320390924687394,NA,NA,NA,NA,NA,NA,NA,NA,NA
"1766","93_1",0.00797872340425521,1.94379293013904,0.015549066596955,-0.00757034319269983,NA,NA,NA,NA,NA,NA,NA,NA,NA
"1767","93_1",0.0239361702127658,6.38255989277931,0.0301448470311313,-0.00620867681836549,NA,NA,NA,NA,NA,NA,NA,NA,NA
"1768","93_1",0.0425531914893615,9.54012397386495,0.04081375827149,0.00173943321787152,NA,NA,NA,NA,NA,NA,NA,NA,NA
"1769","93_1",0.074468085106383,17.03970514324,0.0668344339923933,0.00763365111398967,NA,NA,NA,NA,NA,NA,NA,NA,NA
"1770","93_1",0.0851063829787233,19.6314290500921,0.0759637641893159,0.00914261878940745,NA,NA,NA,NA,NA,NA,NA,NA,NA
"1771","93_1",0.103723404255319,24.1669458870832,0.0919859789022143,0.0117374253531047,NA,NA,NA,NA,NA,NA,NA,NA,NA
"1772","93_1",0.13563829787234,42.6901491037024,0.155188178211585,-0.0195498803392449,NA,NA,NA,NA,NA,NA,NA,NA,NA
"1773","93_1",0.24468085106383,81.9324845032669,0.252751301152458,-0.00807045008862758,NA,NA,NA,NA,NA,NA,NA,NA,NA
"1774","93_1",0.300531914893617,113.728011392193,0.291078408332102,0.00945350656151495,NA,NA,NA,NA,NA,NA,NA,NA,NA
"1775","93_1",0.351063829787234,145.054447981236,0.307566995515245,0.0434968342719891,NA,NA,NA,NA,NA,NA,NA,NA,NA
"1776","93_1",0.292553191489362,160.563746021109,0.311653396589626,-0.0191002051002638,NA,NA,NA,NA,NA,NA,NA,NA,NA
"1777","93_1",0.292553191489362,184.815714525046,0.315257092009131,-0.0227039005197689,NA,NA,NA,NA,NA,NA,NA,NA,NA
"1778","94_1",0.00797836375929672,1.09803921568628,0.0220887148403573,-0.0141103510810606,NA,NA,NA,NA,NA,NA,NA,NA,NA
"1779","94_1",0.0186196494512925,2.74509803921569,0.0348583671205881,-0.0162387176692956,NA,NA,NA,NA,NA,NA,NA,NA,NA
"1780","94_1",0.0345451708534872,3.29411764705883,0.0390477915108712,-0.00450262065738399,NA,NA,NA,NA,NA,NA,NA,NA,NA
"1781","94_1",0.0611015759088782,4.94117647058824,0.0514068456069498,0.0096947303019284,NA,NA,NA,NA,NA,NA,NA,NA,NA
"1782","94_1",0.0664274197742758,6.03921568627452,0.0594668199620848,0.00696059981219097,NA,NA,NA,NA,NA,NA,NA,NA,NA
"1783","94_1",0.0770479013886722,6.58823529411765,0.0634416045025471,0.0136062968861251,NA,NA,NA,NA,NA,NA,NA,NA,NA
"1784","94_1",0.0876891870806678,8.23529411764706,0.0751402756583382,0.0125489114223296,NA,NA,NA,NA,NA,NA,NA,NA,NA
"1785","94_1",0.103640713579862,10.156862745098,0.0883509684412989,0.0152897451385631,NA,NA,NA,NA,NA,NA,NA,NA,NA
"1786","94_1",0.138383523170541,23.8823529411765,0.168387507262094,-0.0300039840915527,NA,NA,NA,NA,NA,NA,NA,NA,NA
"1787","94_1",0.244936807614292,47.7647058823529,0.252763099093246,-0.00782629147895433,NA,NA,NA,NA,NA,NA,NA,NA,NA
"1788","94_1",0.301097415093359,71.921568627451,0.29095270508358,0.0101447100097792,NA,NA,NA,NA,NA,NA,NA,NA,NA
"1789","94_1",0.351947781765226,95.8039215686275,0.306318120173685,0.0456296615915411,NA,NA,NA,NA,NA,NA,NA,NA,NA
"1790","94_1",0.294044832787226,119.686274509804,0.312364547871759,-0.0183197150845332,NA,NA,NA,NA,NA,NA,NA,NA,NA
"1791","94_1",0.29185000260051,143.843137254902,0.314722819227526,-0.0228728166270156,NA,NA,NA,NA,NA,NA,NA,NA,NA
"1792","95_1",0.00862929980792748,22.8915662650602,0.00223739627825133,0.00639190352967615,NA,NA,NA,NA,NA,NA,NA,NA,NA
"1793","95_1",0.0189942378208487,46.9879518072289,0.0185169403367593,0.000477297484089374,NA,NA,NA,NA,NA,NA,NA,NA,NA
"1794","95_1",0.0328374367033352,71.0843373493976,0.0351736899842782,-0.00233625328094299,NA,NA,NA,NA,NA,NA,NA,NA,NA
"1795","95_1",0.044941505151039,95.1807228915663,0.0520541250765812,-0.00711261992554225,NA,NA,NA,NA,NA,NA,NA,NA,NA
"1796","95_1",0.0622629649030908,119.277108433735,0.0689962729127837,-0.00673330800969291,NA,NA,NA,NA,NA,NA,NA,NA,NA
"1797","95_1",0.0848053081892789,142.168674698795,0.0849987677925703,-0.000193459603291424,NA,NA,NA,NA,NA,NA,NA,NA,NA
"1798","95_1",0.103865898376113,166.265060240964,0.101592090939997,0.00227380743611556,NA,NA,NA,NA,NA,NA,NA,NA,NA
"1799","95_1",0.119448227693382,190.361445783133,0.11777905836267,0.00166916933071228,NA,NA,NA,NA,NA,NA,NA,NA,NA
"1800","95_1",0.140244456085211,215.66265060241,0.134189142543005,0.00605531354220648,NA,NA,NA,NA,NA,NA,NA,NA,NA
"1801","95_1",0.152352016762703,238.55421686747,0.14840768953817,0.00394432722453336,NA,NA,NA,NA,NA,NA,NA,NA,NA
"1802","95_1",0.159242186135848,261.44578313253,0.161944194559197,-0.00270200842334928,NA,NA,NA,NA,NA,NA,NA,NA,NA
"1803","95_1",0.173081892788546,286.746987951807,0.176037325650112,-0.00295543286156644,NA,NA,NA,NA,NA,NA,NA,NA,NA
"1804","95_1",0.19214248297538,310.843373493976,0.188561014106911,0.00358146886846938,NA,NA,NA,NA,NA,NA,NA,NA,NA
"1805","95_1",0.197290029683953,334.939759036145,0.200180381415258,-0.00289035173130484,NA,NA,NA,NA,NA,NA,NA,NA,NA
"1806","95_1",0.221568011175135,359.036144578313,0.210888301120906,0.0106797100542286,NA,NA,NA,NA,NA,NA,NA,NA,NA
"1807","95_1",0.21975554391479,384.33734939759,0.221162116261205,-0.00140657234641497,NA,NA,NA,NA,NA,NA,NA,NA,NA
"1808","95_1",0.228388335952506,406.024096385542,0.229199102109279,-0.000810766156773196,NA,NA,NA,NA,NA,NA,NA,NA,NA
"1809","95_1",0.235271520866073,431.325301204819,0.237715202626603,-0.00244368176053039,NA,NA,NA,NA,NA,NA,NA,NA,NA
"1810","95_1",0.250857342413131,454.21686746988,0.244662668655223,0.00619467375790766,NA,NA,NA,NA,NA,NA,NA,NA,NA
"1811","95_1",0.247305744718002,479.518072289157,0.251557673626303,-0.00425192890830098,NA,NA,NA,NA,NA,NA,NA,NA,NA
"1812","95_1",0.245500261917235,502.409638554217,0.257136988499291,-0.0116367265820561,NA,NA,NA,NA,NA,NA,NA,NA,NA
"1813","95_1",0.257604330364938,526.506024096385,0.262387317121766,-0.00478298675682809,NA,NA,NA,NA,NA,NA,NA,NA,NA
"1814","95_1",0.257534485769164,550.602409638554,0.267053147072291,-0.00951866130312656,NA,NA,NA,NA,NA,NA,NA,NA,NA
"1815","95_1",0.273116815086433,574.698795180723,0.271188182590446,0.00192863249598668,NA,NA,NA,NA,NA,NA,NA,NA,NA
"1816","95_1",0.28174611489436,597.590361445783,0.274671729979544,0.00707438491481643,NA,NA,NA,NA,NA,NA,NA,NA,NA
"1817","95_1",0.285151038938362,622.89156626506,0.278068888222667,0.00708215071569529,NA,NA,NA,NA,NA,NA,NA,NA,NA
"1818","95_1",0.283342063907805,646.987951807229,0.280908502525504,0.00243356138230094,NA,NA,NA,NA,NA,NA,NA,NA,NA
"1819","95_1",0.28327571154182,669.879518072289,0.283287348645122,-1.16371033017093e-05,NA,NA,NA,NA,NA,NA,NA,NA,NA
"1820","96_1",0.0294565050038489,3.69515011547344,0.0590091270331767,-0.0295526220293278,NA,NA,NA,NA,NA,NA,NA,NA,NA
"1821","96_1",0.0455057736720552,5.54272517321021,0.0601673836351208,-0.0146616099630656,NA,NA,NA,NA,NA,NA,NA,NA,NA
"1822","96_1",0.0749376443418011,9.23787528868354,0.062927633961697,0.0120100103801041,NA,NA,NA,NA,NA,NA,NA,NA,NA
"1823","96_1",0.107307159353349,23.094688221709,0.0810855328216867,0.0262216265316623,NA,NA,NA,NA,NA,NA,NA,NA,NA
"1824","96_1",0.193280985373364,47.1131639722862,0.171010586776805,0.0222703985965587,NA,NA,NA,NA,NA,NA,NA,NA,NA
"1825","96_1",0.321921478060046,71.1316397228637,0.350635990175358,-0.028714512115312,NA,NA,NA,NA,NA,NA,NA,NA,NA
"1826","96_1",0.474561970746728,95.150115473441,0.485352912899084,-0.0107909421523559,NA,NA,NA,NA,NA,NA,NA,NA,NA
"1827","96_1",0.59251116243264,118.24480369515,0.529380474571565,0.0631306878610751,NA,NA,NA,NA,NA,NA,NA,NA,NA
"1828","96_1",0.686509622786759,143.187066974596,0.540672144502617,0.145837478284142,NA,NA,NA,NA,NA,NA,NA,NA,NA
"1829","96_1",0.687150115473441,167.205542725173,0.542901832152364,0.144248283321077,NA,NA,NA,NA,NA,NA,NA,NA,NA
"1830","96_1",0.669123941493456,191.22401847575,0.543366089048812,0.125757852444644,NA,NA,NA,NA,NA,NA,NA,NA,NA
"1831","96_1",0.643097767513472,215.242494226328,0.54346232806251,0.0996354394509616,NA,NA,NA,NA,NA,NA,NA,NA,NA
"1832","96_1",0.64640492686682,239.260969976905,0.543482259787279,0.102922667079541,NA,NA,NA,NA,NA,NA,NA,NA,NA
"1833","96_1",0.649712086220169,263.279445727483,0.543486386991077,0.106225699229092,NA,NA,NA,NA,NA,NA,NA,NA,NA
"1834","96_1",0.621019245573518,287.29792147806,0.543487241565371,0.0775320040081469,NA,NA,NA,NA,NA,NA,NA,NA,NA
"1835","96_1",0.581635103926097,310.392609699769,0.543487415626132,0.0381476882999654,NA,NA,NA,NA,NA,NA,NA,NA,NA
"1836","96_1",0.510300230946882,335.334872979215,0.543487455148981,-0.0331872242020985,NA,NA,NA,NA,NA,NA,NA,NA,NA
"1837","96_1",0.494940723633564,359.353348729792,0.543487462735094,-0.0485467391015296,NA,NA,NA,NA,NA,NA,NA,NA,NA
"1838","96_1",0.44222324865281,382.448036951501,0.54348746428024,-0.10126421562743,NA,NA,NA,NA,NA,NA,NA,NA,NA
"1839","96_1",0.424221709006928,407.390300230947,0.543487464631088,-0.11926575562416,NA,NA,NA,NA,NA,NA,NA,NA,NA
"1840","96_1",0.390195535026944,431.408775981524,0.54348746469843,-0.153291929671486,NA,NA,NA,NA,NA,NA,NA,NA,NA
"1841","96_1",0.358836027713626,455.427251732101,0.543487464712374,-0.184651436998748,NA,NA,NA,NA,NA,NA,NA,NA,NA
"1842","96_1",0.303476520400308,479.445727482679,0.543487464715259,-0.240010944314951,NA,NA,NA,NA,NA,NA,NA,NA,NA
"1843","97_1",0.0159046557740703,0.552268244575856,0.0139193145030883,0.00198534127098203,NA,NA,NA,NA,NA,NA,NA,NA,NA
"1844","97_1",0.0317883843694902,2.20907297830371,0.0388217675372515,-0.00703338316776134,NA,NA,NA,NA,NA,NA,NA,NA,NA
"1845","97_1",0.0450248248656737,3.58974358974351,0.0609450912530028,-0.0159202663873291,NA,NA,NA,NA,NA,NA,NA,NA,NA
"1846","97_1",0.0741816165199147,4.69428007889536,0.0794862389074025,-0.00530462238748781,NA,NA,NA,NA,NA,NA,NA,NA,NA
"1847","97_1",0.0980386001810201,5.52268244575933,0.0938495327687925,0.00418906741222763,NA,NA,NA,NA,NA,NA,NA,NA,NA
"1848","97_1",0.116585312259664,6.62721893491116,0.113559960125214,0.00302535213445008,NA,NA,NA,NA,NA,NA,NA,NA,NA
"1849","97_1",0.140437064126107,7.73175542406304,0.133842681184799,0.00659438294130793,NA,NA,NA,NA,NA,NA,NA,NA,NA
"1850","97_1",0.158989007999414,8.56015779092698,0.149381050985855,0.00960795701355921,NA,NA,NA,NA,NA,NA,NA,NA,NA
"1851","97_1",0.188145799653656,9.66469428007881,0.170461531468755,0.0176842681849011,NA,NA,NA,NA,NA,NA,NA,NA,NA
"1852","97_1",0.405385609425601,23.7475345167652,0.432000013331126,-0.0266144039055247,NA,NA,NA,NA,NA,NA,NA,NA,NA
"1853","97_1",0.641004713846991,47.7712031558183,0.631689357039378,0.0093153568076132,NA,NA,NA,NA,NA,NA,NA,NA,NA
"1854","97_1",0.797048221451405,71.7948717948717,0.661151815781822,0.135896405669583,NA,NA,NA,NA,NA,NA,NA,NA,NA
"1855","97_1",0.756805256907277,95.818540433925,0.664414608522611,0.0923906483846662,NA,NA,NA,NA,NA,NA,NA,NA,NA
"1856","97_1",0.599851417031585,119.842209072978,0.664762902790262,-0.0649114857586768,NA,NA,NA,NA,NA,NA,NA,NA,NA
"1857","97_1",0.503900302920911,144.14201183432,0.664800045903167,-0.160899742982256,NA,NA,NA,NA,NA,NA,NA,NA,NA
"1858","98_1",0.0133689839572189,0.0037136066547987,0.00535811373937026,0.00801087021784864,NA,NA,NA,NA,NA,NA,NA,NA,NA
"1859","98_1",0.0240641711229943,0.840017825311946,0.0215044788695589,0.00255969225343543,NA,NA,NA,NA,NA,NA,NA,NA,NA
"1860","98_1",0.0454545454545452,2.23484848484847,0.0533913078920454,-0.0079367624375002,NA,NA,NA,NA,NA,NA,NA,NA,NA
"1861","98_1",0.064171122994652,3.62893642305406,0.0919049623452701,-0.0277338393506181,NA,NA,NA,NA,NA,NA,NA,NA,NA
"1862","98_1",0.098930481283422,3.63859180035652,0.0921954752040011,0.00673500607942093,NA,NA,NA,NA,NA,NA,NA,NA,NA
"1863","98_1",0.136363636363636,4.76010101010101,0.128142071598347,0.00822156476528924,NA,NA,NA,NA,NA,NA,NA,NA,NA
"1864","98_1",0.17379679144385,5.8816102198455,0.16826644772665,0.00553034371720024,NA,NA,NA,NA,NA,NA,NA,NA,NA
"1865","98_1",0.211229946524064,6.72534165181222,0.200908247687017,0.0103216988370466,NA,NA,NA,NA,NA,NA,NA,NA,NA
"1866","98_1",0.248663101604278,7.84685086155673,0.246931986900488,0.0017311147037897,NA,NA,NA,NA,NA,NA,NA,NA,NA
"1867","98_1",0.280748663101604,8.68909685086157,0.282910332036652,-0.00216166893504816,NA,NA,NA,NA,NA,NA,NA,NA,NA
"1868","98_1",0.326203208556149,9.8128342245989,0.331828932295016,-0.00562572373886683,NA,NA,NA,NA,NA,NA,NA,NA,NA
"1869","98_1",0.703208556149732,23.8064468211527,0.702751128860561,0.000457427289170531,NA,NA,NA,NA,NA,NA,NA,NA,NA
"1870","98_1",0.719251336898395,47.9775698158051,0.74313524577271,-0.0238839088743152,NA,NA,NA,NA,NA,NA,NA,NA,NA
"1871","98_1",0.77807486631016,72.1605763517528,0.743386983246499,0.0346878830636614,NA,NA,NA,NA,NA,NA,NA,NA,NA
"1872","98_1",0.740641711229946,96.316844919786,0.743388468572952,-0.00274675734300633,NA,NA,NA,NA,NA,NA,NA,NA,NA
"1873","98_1",0.748663101604278,120.207961972668,0.743388477381146,0.0052746242231323,NA,NA,NA,NA,NA,NA,NA,NA,NA
"1874","98_1",0.729946524064171,144.09165181224,0.743388477436422,-0.0134419533722513,NA,NA,NA,NA,NA,NA,NA,NA,NA
"1875","99_1",0.0263929618768329,23.1237322515209,0.0260481707776511,0.000344791099181785,NA,NA,NA,NA,NA,NA,NA,NA,NA
"1876","99_1",0.0387096774193548,46.2474645030424,0.0414801807955721,-0.00277050337621735,NA,NA,NA,NA,NA,NA,NA,NA,NA
"1877","99_1",0.0527859237536656,71.8052738336711,0.0599808618167774,-0.00719493806311183,NA,NA,NA,NA,NA,NA,NA,NA,NA
"1878","99_1",0.0826979472140762,94.9290060851924,0.0779286357639556,0.00476931145012058,NA,NA,NA,NA,NA,NA,NA,NA,NA
"1879","99_1",0.103812316715543,118.052738336713,0.0968853007475991,0.0069270159679439,NA,NA,NA,NA,NA,NA,NA,NA,NA
"1880","99_1",0.119648093841642,143.610547667343,0.118794334682875,0.000853759158766745,NA,NA,NA,NA,NA,NA,NA,NA,NA
"1881","99_1",0.135483870967742,166.734279918864,0.139244268409829,-0.00376039744208673,NA,NA,NA,NA,NA,NA,NA,NA,NA
"1882","99_1",0.160117302052786,191.075050709939,0.161131672387224,-0.00101437033443844,NA,NA,NA,NA,NA,NA,NA,NA,NA
"1883","99_1",0.193548387096774,214.19878296146,0.181989629550902,0.0115587575458723,NA,NA,NA,NA,NA,NA,NA,NA,NA
"1884","99_1",0.21466275659824,238.539553752535,0.203712262872557,0.010950493725683,NA,NA,NA,NA,NA,NA,NA,NA,NA
"1885","99_1",0.214662756598241,262.88032454361,0.224899699822667,-0.0102369432244257,NA,NA,NA,NA,NA,NA,NA,NA,NA
"1886","99_1",0.237536656891496,287.221095334686,0.245279845628787,-0.00774318873729068,NA,NA,NA,NA,NA,NA,NA,NA,NA
"1887","99_1",0.258651026392962,311.56186612576,0.264622698699999,-0.00597167230703666,NA,NA,NA,NA,NA,NA,NA,NA,NA
"1888","99_1",0.272727272727273,334.685598377282,0.281873521873476,-0.00914624914620349,NA,NA,NA,NA,NA,NA,NA,NA,NA
"1889","99_1",0.290322580645161,359.026369168357,0.298726684050886,-0.00840410340572545,NA,NA,NA,NA,NA,NA,NA,NA,NA
"1890","99_1",0.321994134897361,383.367139959432,0.314167907860064,0.00782622703729713,NA,NA,NA,NA,NA,NA,NA,NA,NA
"1891","99_1",0.325513196480938,406.490872210953,0.327505258381246,-0.00199206190030787,NA,NA,NA,NA,NA,NA,NA,NA,NA
"1892","99_1",0.350146627565982,430.831643002028,0.340157325916728,0.00998930164925416,NA,NA,NA,NA,NA,NA,NA,NA,NA
"1893","99_1",0.360703812316715,453.955375253549,0.350902321421325,0.00980149089539029,NA,NA,NA,NA,NA,NA,NA,NA,NA
"1894","99_1",0.358944281524927,479.513184584178,0.361410997983996,-0.00246671645906932,NA,NA,NA,NA,NA,NA,NA,NA,NA
"1895","99_1",0.367741935483871,502.6369168357,0.369766682127241,-0.00202474664336993,NA,NA,NA,NA,NA,NA,NA,NA,NA
"1896","99_1",0.390615835777126,528.194726166328,0.377836565103457,0.0127792706736692,NA,NA,NA,NA,NA,NA,NA,NA,NA
"1897","99_1",0.387096774193548,551.31845841785,0.384182228750884,0.0029145454426644,NA,NA,NA,NA,NA,NA,NA,NA,NA
"1898","99_1",0.383577712609971,573.225152129817,0.389441334976318,-0.00586362236634697,NA,NA,NA,NA,NA,NA,NA,NA,NA
"1899","99_1",0.392375366568915,600,0.394984963628774,-0.00260959705985869,NA,NA,NA,NA,NA,NA,NA,NA,NA
"1900","99_1",0.394134897360704,623.123732251521,0.399082023934924,-0.0049471265742202,NA,NA,NA,NA,NA,NA,NA,NA,NA
"1901","99_1",0.404692082111437,646.247464503043,0.40261935175523,0.00207273035620709,NA,NA,NA,NA,NA,NA,NA,NA,NA
"1902","99_1",0.401173020527859,670.588235294118,0.405814491198174,-0.00464147067031456,NA,NA,NA,NA,NA,NA,NA,NA,NA
